VERTEX = 2014
0.99 -8.35 -10.08
0.05 -9.21 -9.39
0.05 -8.35 -10.17
-3.09 0.00 14.98
-3.03 2.61 14.64
-5.84 2.61 13.76
-10.50 -8.30 -7.02
-10.53 -8.21 -7.14
-10.45 -8.30 -7.10
4.16 10.47 -9.85
4.75 12.71 -7.01
6.00 10.47 -8.84
-4.46 -13.86 -11.48
-4.04 -16.87 -11.25
-4.14 -16.87 -10.89
-1.29 0.00 16.07
-1.57 0.00 15.70
-1.44 -0.61 15.70
-1.88 -12.17 -4.69
-1.38 -11.18 -7.34
-0.93 -12.17 -4.96
-10.48 2.61 -10.65
-9.88 5.60 -10.03
-7.72 5.60 -11.77
15.55 -3.06 0.88
12.59 -3.17 1.33
12.73 -3.25 0.88
-8.63 -8.27 7.85
-5.46 -11.56 6.66
-6.44 -11.56 5.67
-21.04 0.88 2.61
-21.04 1.07 2.66
-21.04 0.93 2.33
-7.19 -8.35 -7.19
9.71 -8.35 -2.91
9.43 -8.35 -3.82
40.47 22.47 -38.30
37.83 22.47 -38.30
37.83 44.38 0.41
22.01 0.13 2.61
20.83 0.98 2.31
20.83 0.01 2.51
-3.41 -8.29 -9.68
-3.41 -10.16 -10.25
-3.09 -10.16 -10.34
2.83 -5.59 -13.79
5.81 -2.61 -13.76
5.48 -5.59 -12.97
2.83 -12.17 -4.19
4.17 -11.18 -6.17
5.31 -11.18 -5.24
-0.04 5.09 14.83
-2.33 5.52 13.08
-1.98 4.67 14.83
12.77 3.42 -0.01
12.77 3.25 0.88
12.77 5.57 0.88
-4.77 -8.21 -11.80
-5.27 -5.59 -13.06
-2.61 -5.59 -13.85
2.78 -13.86 -10.28
3.47 -16.87 -10.26
3.23 -13.86 -9.84
-0.07 -14.17 0.68
-0.64 -14.23 0.63
-0.64 -15.06 0.63
-0.03 -12.17 5.05
-0.05 -11.18 7.46
-1.50 -11.18 7.30
23.24 -0.87 -2.61
38.12 -1.76 -4.17
20.83 -0.97 -2.31
-10.49 10.47 1.98
-8.33 12.71 1.57
-8.46 12.71 -0.05
-12.95 -5.56 0.87
-21.65 -4.44 0.87
-20.90 -5.00 0.87
0.04 -15.06 -0.94
0.64 -15.06 -0.35
-0.05 -15.06 0.34
1.88 -9.21 -9.21
2.05 -8.35 -9.97
-5.95 0.00 14.07
-8.93 -8.30 -8.93
-8.93 -8.21 -9.07
-8.92 -8.30 -8.93
3.29 12.71 -7.81
2.24 13.84 -5.31
3.23 13.84 -4.77
-1.16 -0.50 16.07
-4.62 -13.86 -10.89
-2.78 -11.18 -6.92
-3.52 -9.21 -8.71
-1.75 -9.21 -9.24
-8.18 2.61 -12.49
19.11 -2.80 0.88
20.83 -2.69 0.88
-2.68 -13.41 3.87
-21.04 0.72 2.61
8.93 -8.35 -4.76
40.47 44.38 0.41
-21.04 -1.10 2.64
-21.04 -0.96 2.31
-21.04 -1.78 1.76
27.67 0.88 3.12
29.43 0.88 3.33
38.12 1.76 4.16
-2.81 -8.29 -9.84
3.60 -12.17 -3.55
-0.04 6.00 13.08
0.00 0.00 13.08
12.77 3.42 -0.04
-2.33 -8.21 -12.50
3.21 -16.87 -10.53
3.83 -16.87 -10.89
-0.07 -14.12 1.21
-0.04 -14.51 1.24
-0.04 -14.50 1.24
-1.02 -12.17 4.94
20.83 0.00 -2.51
21.72 0.00 -2.61
-10.68 10.47 -0.07
-15.80 -3.05 0.87
-12.81 -3.18 1.29
-21.04 -2.65 1.08
-0.63 -15.06 -0.24
-2.86 5.60 13.80
-5.49 5.60 12.97
-3.41 -16.87 -10.89
-3.73 -0.02 15.45
-3.43 -1.44 15.45
-8.93 8.22 -9.07
-6.97 8.22 -10.63
-3.67 -13.41 2.89
-27.85 0.88 3.13
-38.33 1.69 4.19
8.50 -8.35 -5.59
37.83 21.85 -37.25
37.83 43.18 0.39
-21.04 -2.04 2.01
23.33 0.88 2.61
-3.41 -12.93 -10.25
-3.09 -12.93 -10.34
5.27 -9.21 -7.79
6.69 -9.21 -6.60
0.00 0.00 16.07
-0.50 1.16 16.07
-0.92 0.90 16.07
12.77 3.36 -0.33
-5.59 -2.61 -13.85
-2.78 -2.61 -14.67
3.83 -8.30 -10.89
3.23 -8.30 -9.84
3.84 -8.30 -9.68
-0.04 -14.75 1.24
-0.07 -9.21 9.39
-1.89 -9.21 9.21
21.47 0.88 -4.67
14.89 0.88 -3.11
15.13 0.88 -3.09
-5.66 13.84 1.07
-5.75 13.84 -0.01
-12.95 -3.41 0.00
-12.95 -3.24 0.87
-0.63 -15.06 -0.25
-0.54 -15.06 -0.35
2.95 -8.35 -9.68
-40.47 43.28 -0.99
-40.47 -44.24 0.17
-40.47 43.28 0.17
1.11 14.96 -2.63
1.61 14.96 -2.33
-3.41 -8.29 -10.89
-4.62 -8.29 -10.89
-4.46 -8.29 -10.27
0.00 -13.16 0.00
-0.45 -13.16 -2.47
0.00 -13.16 -2.52
-0.56 -14.03 1.76
20.83 -2.38 0.88
20.83 -2.31 0.97
21.33 -2.38 0.88
-23.28 0.80 2.61
-21.93 0.00 2.61
-21.04 0.00 2.51
7.83 -8.35 -6.40
-38.33 -1.75 4.17
-38.33 -3.21 3.16
20.83 -0.87 2.70
12.59 -1.29 3.19
20.83 -1.08 2.66
-0.61 1.44 15.70
-1.12 1.10 15.70
28.95 3.45 -0.01
29.59 3.36 -0.80
21.47 4.46 -0.87
3.51 -10.16 -10.34
3.83 -10.16 -10.25
20.83 0.88 -2.69
40.47 43.28 0.99
40.47 43.28 -0.17
40.47 43.28 0.39
-12.95 -3.41 -0.01
-0.33 -15.06 0.62
-1.31 -15.06 -0.35
3.65 -9.21 -8.67
3.96 -8.35 -9.38
-37.83 42.97 -0.74
-37.83 42.82 -0.99
-37.83 43.18 -0.39
-2.57 8.22 12.48
-4.96 8.22 11.73
-0.67 -11.55 8.35
-0.67 -13.40 4.42
-0.67 -15.05 1.24
-4.05 -10.16 -10.89
-3.96 -10.16 -10.56
-5.09 -0.03 14.83
-4.67 -1.98 14.83
0.02 -12.17 -5.05
-7.48 10.47 -7.60
-5.85 10.47 -8.93
-1.55 -14.03 0.77
29.46 -3.33 0.88
28.89 -3.44 0.00
29.56 -3.35 0.84
-15.05 -0.86 3.10
-12.81 -1.33 3.16
7.24 -8.35 -7.14
39.68 21.24 37.57
40.47 -21.93 37.18
39.68 -9.09 37.29
20.83 -0.87 2.62
-3.41 -13.86 -9.68
-2.81 -13.86 -9.84
1.80 -13.16 -1.77
2.08 -13.16 -1.38
29.59 3.36 0.88
29.59 3.36 0.83
-5.73 0.00 -14.17
-2.84 0.00 -15.02
2.58 -13.41 3.87
-0.04 -15.06 1.24
0.33 -15.06 1.62
-0.50 -13.16 2.47
-0.98 -13.16 2.32
-2.82 14.96 0.52
-2.86 14.96 0.00
20.83 0.88 -2.63
-0.45 -14.03 -1.46
-0.05 -14.23 0.34
-0.03 -14.23 0.32
40.47 -44.24 -0.14
40.47 -44.24 0.99
37.91 -44.24 -0.14
-12.95 -3.35 -0.33
-39.68 -36.86 -10.80
-39.68 -42.39 -0.99
-39.68 -42.41 -0.99
0.69 -11.55 8.35
0.69 -15.05 1.24
0.69 -13.40 4.42
0.00 14.96 0.00
-0.44 -14.23 -0.33
-0.44 -15.06 -0.33
29.56 -3.34 0.87
38.12 -4.17 1.76
29.56 -3.34 0.88
-12.98 -0.02 3.42
-12.98 -0.45 3.33
6.44 -8.35 -7.81
5.71 -8.35 -8.41
39.68 -21.29 -37.58
39.68 9.01 -37.34
39.68 21.85 -37.25
-38.33 0.00 0.00
12.77 0.01 3.42
12.77 -0.87 3.25
4.21 -12.17 -2.78
29.31 3.40 0.45
-1.45 3.43 15.45
-2.66 2.61 15.45
3.51 -12.94 -10.34
3.83 -12.94 -10.25
-0.05 -14.23 0.04
0.54 -14.23 0.64
0.54 -15.06 0.64
-1.97 -12.17 4.65
23.19 0.88 -2.61
27.64 0.88 -3.13
-21.04 -2.69 0.87
-21.04 -2.32 0.93
-0.03 -14.12 -0.85
0.64 -14.23 -0.35
0.04 -14.12 -0.94
40.47 -44.24 -0.15
4.78 -8.35 -8.92
-39.68 -43.05 0.17
-39.68 -43.18 0.36
-39.68 -43.07 0.17
-2.16 10.47 10.47
-4.16 10.47 9.84
-0.67 -14.22 4.69
37.50 0.00 0.00
37.50 3.48 5.94
37.50 6.89 -0.05
7.15 -8.21 -10.53
7.92 -5.59 -11.65
10.03 -5.59 -9.88
-6.00 -0.04 13.08
-5.52 -2.33 13.08
0.03 -11.18 -7.46
-5.93 12.71 -6.03
-4.64 12.71 -7.08
-12.98 0.00 3.42
38.36 -12.55 -37.52
38.36 21.85 -37.24
38.36 21.85 -37.25
-8.39 -2.61 12.36
-8.59 0.00 12.63
-10.89 0.00 10.70
-12.81 0.00 0.00
-12.81 -2.44 2.41
12.77 0.04 3.42
-3.41 -16.87 -10.17
-3.06 -16.87 -10.26
-5.59 2.61 -13.85
-2.78 2.61 -14.67
-0.07 -14.23 0.06
12.77 -0.01 -3.42
12.77 0.88 -3.25
12.77 0.88 -5.79
-27.21 -3.04 0.87
-38.33 -4.51 -0.01
-29.47 -3.39 0.45
-0.03 -14.17 -0.27
40.47 -44.24 -0.17
-37.83 42.86 0.16
-38.36 26.17 29.62
-37.83 42.85 0.17
38.38 4.57 7.81
38.38 9.05 -0.08
9.08 -8.21 -8.93
38.12 -4.52 0.02
-1.42 -15.06 0.64
-21.04 0.00 2.61
-10.65 -2.61 10.47
-2.65 18.37 -2.61
-2.97 16.10 -2.92
-3.83 16.10 -1.61
6.23 -11.18 -4.09
21.47 4.46 0.88
27.05 3.06 0.88
3.84 -13.86 -9.68
0.52 -15.06 0.63
-2.90 -11.18 6.87
12.77 -0.03 -3.42
-12.72 -8.21 -0.09
-14.08 -5.59 -0.09
-13.79 -5.59 -2.84
-29.77 -3.34 0.87
-29.77 -3.34 0.85
40.47 0.12 0.92
40.47 20.95 38.16
40.47 -0.20 1.50
-1.70 12.71 8.31
-3.30 12.71 7.82
8.39 -2.61 -12.36
10.64 -2.61 -10.48
-4.03 13.84 -4.10
-3.15 13.84 -4.81
-12.47 8.22 -2.57
-9.85 10.47 -4.15
-11.72 8.22 -4.94
-21.04 -0.86 2.69
-8.39 2.61 12.36
-10.65 2.61 10.47
-2.99 15.99 -2.94
-3.87 16.10 -1.55
19.03 2.81 -0.87
15.55 3.06 -0.87
-5.27 5.60 -13.06
-2.61 5.60 -13.85
-0.04 -14.56 0.05
12.77 -0.46 -3.33
-12.47 -8.21 -2.57
-22.10 -2.44 0.87
40.47 -0.54 -0.29
40.47 -22.81 -37.66
40.47 -21.77 -38.25
-0.90 -0.91 16.07
27.02 -3.05 0.88
-10.46 10.47 -2.15
-8.30 12.71 -1.70
-7.81 12.71 -3.30
-0.44 -15.06 1.62
-29.82 -0.56 3.41
-29.81 0.00 3.52
-38.33 -0.02 4.52
0.45 -14.03 1.76
37.83 42.97 0.74
37.83 42.82 0.99
-4.15 16.10 -0.02
-3.88 15.99 -1.56
-4.19 15.99 0.02
-2.34 -8.29 -10.29
7.86 -9.21 -5.17
20.83 2.69 -0.87
3.83 -16.87 -10.17
-3.67 -9.21 8.64
-14.94 -2.61 -0.10
-14.63 -2.61 -3.01
40.47 -0.89 0.30
-21.45 -2.36 0.87
-38.33 -4.17 1.69
0.04 -14.70 -0.94
-2.58 -13.41 -3.59
-12.98 3.42 0.01
-12.81 3.44 0.02
-12.81 3.20 -1.27
-39.68 42.82 0.17
-39.68 42.85 0.17
-39.68 36.83 10.80
-1.10 -1.12 15.70
0.50 -13.16 -2.47
-4.69 -12.17 1.88
-7.34 -11.18 1.38
-4.98 -12.17 0.93
-2.00 14.96 -2.04
-1.56 14.96 -2.39
20.83 -2.70 -0.87
21.88 -2.45 -0.87
26.99 -3.05 -0.87
-3.87 -14.23 3.09
-29.60 -0.86 3.33
39.68 -36.86 10.80
39.68 -42.39 0.99
39.68 -42.41 0.99
-7.92 5.60 11.66
-10.03 5.60 9.88
-4.75 16.10 0.02
-4.17 16.10 0.02
-3.72 18.37 0.02
-2.86 -10.16 -10.57
27.06 3.06 -0.87
21.40 2.39 -0.87
-4.77 8.22 -11.80
-2.33 8.22 -12.50
40.47 21.99 37.56
40.47 0.48 0.30
-12.81 -3.16 -1.32
-12.81 -3.43 0.00
-21.04 2.69 -0.87
-21.04 2.66 -1.05
-21.04 2.33 -0.92
-40.45 -43.60 -0.99
-40.47 -22.53 -38.22
-40.47 -43.60 -0.99
38.36 0.33 0.99
38.34 -42.41 0.99
38.36 -0.58 0.99
-6.92 -11.18 2.78
-8.72 -9.21 3.52
-9.24 -9.21 1.74
21.44 -4.46 -0.87
15.59 -3.06 -0.87
-5.63 13.84 -1.16
-5.31 13.84 -2.23
-2.88 -14.23 4.07
-29.81 -0.86 3.58
-0.96 -8.35 -10.08
-40.47 -21.77 38.25
-39.13 -0.20 0.88
-39.18 -0.20 0.88
39.68 -43.05 -0.17
39.68 -43.18 -0.36
39.68 -43.07 -0.17
-3.44 18.37 -1.38
-4.17 16.10 0.01
2.33 -13.16 -0.93
-1.41 -13.16 2.08
21.91 -0.11 -2.61
21.80 -0.05 -2.61
20.83 -0.87 -2.61
-15.28 0.00 -0.10
-14.97 0.00 -3.07
-21.04 -2.68 -0.87
-21.04 -2.63 -1.10
0.04 -14.75 -0.94
-27.27 3.06 -0.87
-38.33 4.19 -1.68
-37.84 -44.24 0.14
-37.83 -44.38 0.38
-40.47 -44.38 0.38
37.84 42.82 0.99
38.36 4.90 0.99
38.34 25.88 0.99
-2.61 -2.66 15.45
-2.78 -10.16 -10.89
-2.78 -12.93 -10.89
-2.87 -12.93 -11.21
-6.97 -11.97 6.20
-1.88 -8.35 -9.99
-39.18 -0.20 -1.50
-37.83 20.95 -38.16
-39.09 -0.20 -1.50
37.83 42.86 -0.16
38.36 26.17 -29.62
37.83 42.85 -0.17
-7.16 8.22 10.52
-9.07 8.22 8.92
-0.67 -14.02 1.43
0.69 -14.49 0.69
0.69 -14.12 0.69
-3.85 16.10 1.56
-3.86 15.99 1.63
-2.86 -12.93 -10.57
4.67 -12.17 -1.88
12.77 5.57 -0.87
-4.00 10.47 -9.89
-1.99 10.47 -10.49
4.42 -8.30 -9.85
0.52 -15.06 0.64
-2.85 -12.17 4.19
29.59 -0.01 -3.52
29.59 0.88 -3.58
29.60 0.44 -3.43
40.47 -0.20 -0.88
-0.64 -14.23 -0.24
-0.64 -15.06 -0.24
-29.81 3.36 -0.87
-38.36 42.81 -0.99
-39.68 42.81 -0.99
38.36 0.56 0.99
-2.87 -10.16 -11.21
-6.97 -8.21 -10.63
-7.72 -5.59 -11.77
-2.49 -13.16 0.45
-2.52 -13.16 0.00
-5.99 -11.97 7.18
15.25 -3.08 -0.87
-2.80 14.96 -0.56
-2.63 14.96 -1.10
-22.12 -0.10 2.61
-23.45 -0.86 2.61
-2.90 -8.35 -9.71
-40.47 20.95 -38.16
-40.47 -0.20 -1.50
0.66 -14.12 0.69
0.69 -14.22 -0.12
0.27 -14.16 0.31
-2.96 16.10 2.93
-2.94 15.99 2.99
8.18 -2.61 12.51
8.35 0.00 12.80
5.71 0.00 14.18
12.77 3.24 -0.87
4.15 -10.16 -10.35
29.59 -0.87 -3.58
-14.94 2.61 -0.10
-14.63 2.61 -3.01
39.16 0.48 0.30
-0.05 -14.56 0.34
-29.81 3.36 -0.82
-3.57 -3.62 14.83
20.83 2.31 -0.97
38.12 3.16 -3.23
20.83 1.76 -1.79
-2.21 -13.86 -10.89
-2.35 -13.86 -11.51
-5.05 -12.17 -0.02
-9.35 -8.27 8.58
12.73 -5.57 -0.87
12.73 -3.25 -0.87
-22.01 -0.04 2.61
-3.80 -8.35 -9.43
-6.01 10.47 8.83
-7.61 10.47 7.49
-0.05 -14.83 0.34
-1.55 16.10 3.87
-1.56 15.99 3.89
5.58 -2.61 13.87
6.92 -11.18 -2.80
-3.16 12.71 -7.86
-1.56 12.71 -8.33
-4.19 -11.18 6.17
39.18 -0.20 -0.88
0.32 -15.06 0.72
-15.77 3.06 0.87
-21.04 2.64 1.11
-12.81 3.16 1.34
-39.68 0.56 -0.99
-39.68 1.04 -0.99
37.83 -42.41 0.99
38.12 4.16 -1.76
38.12 0.00 0.00
-8.18 -2.61 -12.49
-7.64 -8.27 8.83
-8.37 -8.27 9.56
-0.05 -15.06 0.04
7.20 -8.35 7.20
-7.81 -8.35 -6.44
-40.47 -0.89 -0.30
-39.14 -0.89 -0.30
-40.47 -22.81 37.66
39.68 42.82 -0.17
39.68 42.85 -0.17
39.68 36.83 -10.80
0.02 15.99 4.19
8.18 2.61 12.51
5.58 2.61 13.87
4.15 -12.94 -10.35
-14.08 5.60 -0.09
-13.79 5.60 -2.84
37.83 -21.77 -38.25
39.13 -0.20 -0.88
-39.68 -0.24 -0.99
-12.98 3.42 0.04
-12.98 3.36 0.33
1.74 -9.21 9.26
-0.07 -8.35 10.17
37.91 -43.60 0.99
40.45 -43.60 0.99
12.59 0.00 0.00
12.59 2.41 -2.45
12.59 1.28 -3.20
-2.70 -16.87 -10.89
-2.79 -16.87 -11.25
-7.46 -11.18 -0.05
12.73 -3.42 0.00
-11.72 -8.21 -4.94
-12.97 -5.59 -5.47
-11.65 -5.59 -7.91
-21.69 0.88 4.67
-21.04 0.88 2.63
-23.41 0.88 2.61
-8.41 -8.35 -5.72
-40.47 21.21 37.99
40.47 -22.53 38.22
40.47 -43.60 0.99
-4.77 12.71 7.02
-6.03 12.71 5.94
-0.33 -14.23 0.62
-1.38 18.37 3.45
-0.02 16.10 4.16
8.71 -9.21 -3.53
-2.15 13.84 -5.34
-1.04 13.84 -5.65
-0.04 -14.12 1.24
-5.29 -9.21 7.77
-40.47 -43.55 -0.99
-40.47 -44.24 -0.99
-1.01 -8.35 10.08
37.83 -44.24 0.99
-21.04 2.63 -0.87
20.83 2.01 -2.05
20.83 1.07 -2.66
12.73 -3.42 0.02
-21.05 0.04 2.61
-21.04 -0.44 2.61
-37.83 21.21 37.99
-37.83 -0.20 0.88
-8.92 -8.35 -4.78
37.84 -44.24 -0.14
37.83 -44.38 -0.38
40.47 -44.38 -0.38
-38.33 -4.16 -1.75
0.02 18.37 3.73
0.02 16.10 4.75
0.02 16.10 4.17
7.72 5.60 11.79
5.26 5.60 13.07
4.42 -13.86 -9.85
-12.72 8.22 -0.09
39.18 -0.20 1.50
37.83 20.95 38.16
39.09 -0.20 1.50
-40.47 -42.41 -0.99
-21.04 2.69 0.87
-21.04 2.31 0.97
-2.06 -8.35 9.97
37.83 -43.60 0.99
-29.81 3.35 -0.87
-9.39 -9.21 -0.07
12.73 -3.36 0.34
-13.76 -2.61 -5.82
-12.35 -2.61 -8.38
-21.04 -0.86 2.61
-9.38 -8.35 -3.96
-3.23 13.84 4.77
-4.10 13.84 4.04
38.36 42.81 0.99
39.68 42.81 0.99
-12.81 -2.41 -2.43
-37.87 -43.07 0.17
-38.36 -26.83 0.17
-38.34 -43.07 0.17
1.63 15.99 3.87
2.47 -13.16 -0.46
-1.04 14.96 -2.65
-0.51 14.96 -2.80
1.29 0.00 16.07
1.16 0.50 16.07
-1.80 -13.16 1.77
-37.84 42.82 -0.99
-38.36 0.33 -0.99
-38.36 0.56 -0.99
40.47 -43.07 -0.17
40.46 -43.07 -0.17
20.83 0.93 -2.33
-2.35 -8.29 -11.51
-2.82 -8.29 -11.94
29.56 -3.35 -0.87
29.25 -3.40 -0.45
-0.05 -14.73 0.04
-29.82 0.44 3.43
-29.81 0.88 3.58
-29.83 0.88 3.35
-9.68 -8.35 -2.95
-9.97 -8.35 -2.05
-37.83 -0.89 -0.30
-37.83 -22.54 -37.81
-21.04 -2.00 -2.03
39.68 -43.17 -0.37
40.47 -43.18 -0.36
1.62 16.10 3.86
-40.45 42.85 0.17
-40.46 42.85 0.17
-39.68 16.92 0.17
6.96 8.22 10.66
4.75 8.22 11.81
-0.68 -14.50 -0.68
-0.68 -15.06 0.29
-0.68 -14.23 0.29
4.19 -16.87 -10.27
1.57 0.00 15.70
1.44 0.61 15.70
-3.60 -12.17 3.55
0.32 -14.23 0.72
-40.47 -43.07 0.17
-29.81 3.36 0.80
-29.81 3.36 0.87
-21.69 4.46 0.87
-2.96 -8.35 9.68
40.45 -43.07 -0.17
-38.33 4.52 0.03
-29.53 3.40 -0.44
-3.10 -10.16 -11.45
-2.47 -13.16 -0.50
21.44 -4.46 0.88
-14.06 0.00 -5.95
-12.64 0.00 -8.57
-19.26 -0.86 2.81
-27.85 -0.86 3.12
-10.08 -8.35 -1.01
-37.83 0.13 0.29
39.68 0.56 0.99
39.68 1.04 0.99
-1.60 14.96 2.34
-2.04 14.96 2.01
40.47 -21.30 -37.59
39.68 -27.80 -26.51
2.99 15.99 2.95
-40.43 42.85 0.17
-0.68 -13.41 -4.25
39.14 -0.89 0.30
-21.62 2.39 0.87
-21.04 2.39 0.87
-39.68 0.56 0.17
-3.97 -8.35 9.37
39.68 16.92 -0.17
40.46 42.85 -0.17
40.47 42.85 -0.17
38.12 1.69 -4.19
-4.94 -12.17 -1.02
29.56 -3.35 0.88
0.33 -14.23 -0.34
0.33 -15.06 -0.34
-21.69 -0.86 4.67
-10.17 -8.35 -0.07
-37.83 -21.50 -38.41
39.68 -0.24 0.99
-21.04 -2.30 -0.96
-21.04 -1.75 -1.78
-0.33 -15.06 -1.34
2.65 18.37 2.61
2.97 16.10 2.94
2.97 16.10 2.93
5.86 10.47 8.96
3.99 10.47 9.92
-0.68 -14.41 -0.68
-0.68 -14.03 -1.26
0.09 -5.59 -14.08
3.73 0.02 15.45
3.43 1.45 15.45
-5.31 -11.18 5.23
40.47 21.21 -37.99
-29.81 3.35 0.85
-29.81 3.34 0.87
-39.68 0.09 0.17
40.47 43.11 -0.17
2.77 -2.61 14.68
2.83 0.00 15.03
-0.12 0.00 15.29
-29.16 3.45 0.01
-3.10 -12.93 -11.45
-13.76 2.61 -5.82
-12.35 2.61 -8.38
5.04 -8.30 -10.90
4.87 -8.30 -11.52
-10.08 -8.35 0.93
-37.83 -0.52 -0.92
40.47 -43.55 0.99
37.83 -43.18 -0.36
38.36 -38.74 -7.90
38.36 -21.30 -37.59
3.89 15.99 1.58
-38.36 -19.79 0.17
1.98 -4.67 14.83
2.33 -5.52 13.08
4.27 -4.21 13.08
0.08 -8.21 -12.72
37.83 21.21 -37.99
37.83 -0.20 -0.88
-12.98 0.88 -5.79
-12.98 -0.86 -5.79
-20.94 -0.86 -5.23
-3.56 -13.41 -2.60
-39.68 -0.09 0.17
-4.80 -8.35 8.89
-0.12 -2.61 14.94
-12.98 3.24 0.87
-2.56 18.23 0.01
-2.67 19.58 1.13
-2.33 18.23 0.99
-7.30 -11.18 -1.50
4.46 -10.16 -10.89
4.38 -10.16 -11.22
-9.99 -8.35 1.88
-37.83 0.48 -0.30
40.47 -42.41 0.99
-9.07 -8.21 8.92
-10.03 -5.59 9.88
-11.79 -5.59 7.73
37.83 -21.30 -37.59
-38.33 -3.16 -3.21
3.45 18.37 1.40
3.87 16.10 1.57
-38.36 -0.81 0.17
4.63 12.71 7.11
3.17 12.71 7.87
3.62 -3.57 14.83
0.09 -2.61 -14.94
5.09 0.04 14.83
4.67 1.98 14.83
-6.71 -9.21 6.59
0.04 -14.50 -0.94
-20.94 0.88 -5.23
-5.35 -11.56 -6.36
-39.68 -0.17 0.17
-5.72 -8.35 8.39
37.87 -43.07 -0.17
38.36 -26.83 -0.17
38.34 -43.07 -0.17
2.77 2.61 14.68
-0.12 2.61 14.94
-2.90 19.58 0.01
-3.42 18.37 1.44
-2.82 -13.86 -11.94
-12.97 5.60 -5.47
-11.65 5.60 -7.91
-9.71 -8.35 2.90
-37.83 22.25 37.40
-10.65 -8.21 6.98
39.68 -21.30 -37.59
0.04 -14.41 -0.94
4.17 16.10 -0.02
4.19 15.99 -0.02
-38.36 0.09 0.17
-38.36 -0.09 0.17
37.83 -0.89 0.30
37.83 -22.54 37.81
-8.93 10.47 5.86
-7.10 12.71 4.65
-7.86 12.71 3.17
2.57 -13.41 -3.47
-21.69 -0.86 -4.67
-6.34 -11.56 -5.38
-39.68 -19.78 0.17
40.45 42.85 -0.17
-9.21 -9.21 -1.88
12.73 -5.57 0.88
4.46 -12.94 -10.89
4.38 -12.94 -11.22
-9.45 -8.35 3.80
-37.83 -0.20 -1.50
-12.49 -2.61 8.18
38.36 -21.29 -37.58
-12.81 1.35 -3.15
-21.04 1.11 -2.63
-21.04 2.05 -2.00
10.08 -8.35 1.02
9.39 -9.21 0.08
10.17 -8.35 0.09
-37.83 -43.07 0.17
6.00 0.05 13.08
5.52 2.33 13.08
-2.08 -13.16 1.38
37.83 0.13 -0.29
-9.91 10.47 4.01
0.45 -14.03 -1.35
-21.69 0.88 -4.67
-2.78 -14.23 -3.78
-6.44 -8.35 7.81
40.43 42.85 -0.17
2.61 5.60 13.86
-0.10 5.60 14.09
0.00 15.99 0.00
-3.06 -16.87 -11.52
-10.53 8.22 -7.14
-8.95 -8.35 4.73
-39.14 0.48 -0.30
39.68 0.56 -0.17
-12.81 -1.28 -3.18
-12.81 2.45 -2.40
9.21 -9.21 1.92
9.97 -8.35 2.07
-37.83 43.28 0.17
6.87 -11.18 2.90
8.64 -9.21 3.67
7.77 -9.21 5.31
0.32 -15.06 -1.22
37.83 -21.50 38.41
-4.81 13.84 3.15
-5.34 13.84 2.16
-38.36 -43.05 0.17
-29.81 -0.86 -3.58
-3.76 -14.23 -2.79
-7.26 -8.35 7.13
-39.68 21.85 37.25
-39.68 9.01 37.34
-40.47 21.85 37.25
0.00 17.19 0.00
-1.04 16.58 0.44
-0.79 16.58 0.81
-2.32 -13.16 -0.98
5.04 -13.86 -10.90
4.87 -13.86 -11.52
1.31 -15.06 0.63
3.76 -14.23 3.08
-8.51 -8.35 5.57
39.68 0.09 -0.17
-12.78 0.00 8.37
40.47 21.85 -37.25
-21.04 -1.07 -2.65
-21.04 0.98 -2.30
-21.04 1.79 -1.75
-37.83 -42.42 -0.97
37.83 43.02 0.10
6.17 -11.18 4.19
37.83 -0.52 0.92
-29.81 0.88 -3.58
-5.88 -11.97 -6.89
-38.36 21.85 37.24
-37.83 21.85 37.25
-38.36 21.85 37.25
38.36 -19.79 -0.17
2.33 8.22 12.51
-0.09 8.22 12.73
9.09 -11.97 0.69
12.47 -8.26 -0.68
12.47 -8.26 0.69
-1.80 18.23 1.83
-4.67 -12.17 -1.97
-8.84 10.47 -6.01
2.78 -14.23 4.07
-40.47 -21.50 -38.41
-7.84 -8.35 6.39
39.68 -0.09 -0.17
0.90 0.92 16.07
3.22 -8.30 -11.95
2.78 -8.30 -11.49
2.08 -13.16 1.41
1.77 -13.16 1.80
37.83 0.48 0.30
-2.39 14.96 1.57
-2.65 14.96 1.07
-38.36 42.82 0.17
-6.86 -11.97 -5.91
38.36 -0.81 -0.17
-38.33 4.16 1.76
11.43 -8.26 -0.68
14.64 -2.61 3.06
14.96 0.00 3.12
14.07 0.00 5.98
4.55 -16.87 -10.89
4.44 -16.87 -11.26
6.87 -11.97 6.20
-12.49 2.61 8.18
39.68 -0.17 -0.17
-37.83 -44.24 0.14
-37.83 -44.24 -0.99
-37.83 -43.60 -0.98
-38.33 1.76 -4.15
-38.33 3.23 -3.15
1.10 1.12 15.70
3.51 -10.16 -11.45
3.27 -10.16 -11.22
4.17 -12.17 2.85
3.55 -12.17 3.60
37.83 22.25 -37.40
-38.36 42.85 0.17
-8.27 -8.27 -9.27
-7.54 -8.27 -8.55
-7.86 -9.21 5.15
-39.68 21.85 37.24
38.36 0.09 -0.17
38.36 -0.09 -0.17
1.98 10.47 10.52
-0.07 10.47 10.69
-27.28 3.06 0.87
11.43 -8.26 0.69
-2.03 19.58 2.07
13.76 -2.61 5.85
-6.87 -11.18 -2.90
-7.01 12.71 -4.77
5.88 -11.97 7.18
-37.83 21.99 -37.56
-37.83 -21.77 38.25
-37.83 -22.81 37.66
39.68 -19.78 -0.17
1.44 -14.03 -0.37
29.60 0.02 3.52
29.59 -0.87 3.59
29.60 -0.44 3.43
37.83 -0.20 1.50
-8.52 -8.27 -7.56
-9.25 -8.27 -8.28
-12.98 0.48 -3.32
-12.81 0.02 -3.43
-38.36 12.49 -37.49
-38.36 21.24 -37.58
-38.36 21.24 -37.57
37.83 -43.07 -0.17
8.35 -11.55 -0.68
14.64 2.61 3.06
13.76 2.61 5.85
9.26 -8.27 8.57
-11.79 5.60 7.73
-37.91 -44.24 0.14
1.13 19.58 2.69
2.07 19.58 2.04
39.68 27.76 26.52
29.59 0.88 3.59
3.51 -12.94 -11.45
3.27 -12.94 -11.22
5.23 -11.18 5.31
39.14 0.48 0.30
-11.80 -8.21 4.77
-13.06 -5.59 5.28
-13.85 -5.59 2.62
-21.04 0.88 -2.68
-40.47 43.28 -0.39
-38.36 -26.23 -29.57
-38.36 -21.93 -37.18
-38.36 -21.90 -37.18
1.57 12.71 8.34
-0.05 12.71 8.47
37.83 43.28 -0.17
8.35 -11.55 0.69
-21.69 4.46 -0.87
-15.80 3.06 -0.87
-2.61 18.37 2.65
-8.67 -9.21 -3.65
-4.77 13.84 -3.23
4.42 -8.30 -11.95
8.27 -8.27 9.56
-40.47 21.99 -37.56
23.25 -0.87 2.61
20.83 -0.87 2.61
23.13 -0.80 2.61
-12.50 -8.21 2.34
-21.04 0.88 -2.60
-40.47 -44.24 0.14
-39.68 -21.29 37.58
-39.68 -27.80 26.51
-39.68 -21.30 37.59
37.83 -42.42 0.97
4.42 -13.40 -0.68
13.80 5.60 2.87
12.97 5.60 5.52
4.14 -10.16 -11.46
8.53 -8.27 7.84
-10.65 8.22 6.98
-37.83 21.24 -37.58
0.81 16.58 0.80
1.04 16.58 0.42
38.36 38.73 7.92
21.47 0.88 4.69
3.22 -13.86 -11.95
2.78 -13.86 -11.49
6.59 -9.21 6.71
40.47 -21.50 38.41
-13.85 -2.61 5.58
-14.67 -2.61 2.78
-21.04 0.01 -2.60
-21.04 0.01 -2.50
-40.47 -44.24 0.15
1.07 13.84 5.67
-0.03 13.84 5.76
-15.35 3.09 -0.87
4.42 -13.40 0.69
-2.08 -13.16 -1.41
-2.33 14.96 -1.60
7.54 -8.27 8.83
-39.68 21.24 -37.57
-40.47 21.24 -37.58
-39.68 21.24 -37.58
1.83 18.23 1.80
2.39 18.23 0.97
-29.10 -3.43 0.00
29.60 0.56 3.41
-21.04 0.01 -2.86
1.31 -15.06 -0.24
-38.36 -21.29 37.58
-38.36 -12.55 37.52
37.83 -44.24 -0.14
37.83 -43.60 0.98
-12.98 3.25 -0.87
1.43 -14.02 -0.68
-0.41 16.58 1.04
12.48 8.22 2.60
11.73 8.22 4.96
-1.23 -15.06 -0.68
-1.23 -15.06 0.69
-4.69 -14.23 0.69
4.14 -12.94 -11.46
6.34 -11.56 5.67
39.68 21.85 -37.24
-39.68 27.76 -26.52
-12.95 -3.24 -0.87
29.62 0.88 3.34
3.46 -16.87 -11.52
3.20 -16.87 -11.25
1.38 -13.16 2.08
37.83 21.99 37.56
37.83 -22.81 -37.66
-14.17 0.00 5.72
-15.02 0.00 2.85
2.77 -14.23 -3.67
-40.47 0.12 -0.92
-40.47 44.38 -0.41
-37.83 44.38 -0.41
-37.83 21.82 -38.63
0.52 14.96 2.83
0.00 14.96 2.87
-12.98 5.57 -0.87
1.43 -14.02 0.69
-0.94 18.23 2.39
-4.69 -14.23 -0.68
5.35 -11.56 6.66
0.93 -8.35 10.09
-40.47 22.25 37.40
-40.47 -22.54 -37.81
38.36 12.49 37.49
38.36 21.24 37.58
38.36 21.24 37.57
2.70 19.58 1.08
-15.77 -3.05 -0.87
21.47 -0.87 4.69
15.22 -0.87 3.08
2.78 -12.17 4.23
-22.22 0.13 -2.60
3.76 -14.23 -2.69
-40.47 -0.54 0.29
-40.47 21.82 -38.63
-0.13 -14.22 -0.68
10.47 10.47 2.18
9.84 10.47 4.17
-9.09 -11.97 0.69
-9.88 -5.59 -10.03
3.56 -13.41 2.88
1.87 -8.35 10.01
38.36 -26.23 29.57
38.36 -21.93 37.18
38.36 -21.90 37.18
-40.47 -21.93 -37.18
12.34 -2.61 8.41
12.63 0.00 8.62
10.70 0.00 10.91
-19.32 -2.79 -0.87
27.66 -0.87 3.13
-13.85 2.61 5.58
-14.67 2.61 2.78
-27.89 0.88 -3.11
-29.64 0.88 -3.32
5.88 -11.97 -6.78
-0.13 -15.05 -0.68
-1.08 19.58 2.70
-39.68 -9.09 -37.29
-9.09 -11.97 -0.68
2.88 -8.35 9.71
10.47 -2.61 10.67
-7.47 11.61 0.05
0.00 11.61 0.00
-5.24 11.61 5.32
2.62 -8.30 -10.89
4.07 -11.18 6.24
-23.55 0.88 -2.60
6.86 -11.97 -5.80
37.83 21.24 37.58
-0.09 -8.21 12.73
-0.10 -5.59 14.09
-2.86 -5.59 13.80
-39.68 -0.58 -0.99
8.31 12.71 1.72
7.82 12.71 3.31
-12.46 -8.26 0.69
-10.48 -2.61 -10.65
1.44 -14.03 0.77
3.78 -8.35 9.45
0.69 -14.22 4.69
-37.83 -21.93 -37.18
12.34 2.61 8.41
10.47 2.61 10.67
-21.04 -2.36 -0.87
-21.55 -2.36 -0.87
-3.33 16.10 3.39
-5.24 14.58 5.32
0.04 14.58 7.47
3.19 -10.16 -10.89
-13.06 5.60 5.28
-13.85 5.60 2.62
-21.04 -0.86 -2.69
8.26 -8.27 -9.16
40.47 21.24 37.58
39.68 21.24 37.58
-2.57 -8.21 12.48
1.24 -15.05 -0.68
-39.68 -21.90 -37.18
4.73 -8.35 8.96
7.13 -8.35 7.26
-0.67 -11.97 9.09
38.36 42.82 -0.17
-29.68 -3.32 -0.87
-29.77 -3.34 -0.83
5.15 -9.21 7.88
-21.04 -0.86 -2.61
9.25 -8.27 -8.18
-3.03 -2.61 14.64
40.46 43.28 0.99
40.47 21.82 38.63
40.47 42.84 0.99
1.24 -15.05 0.69
-29.82 0.56 -3.40
-29.82 0.02 -3.51
-38.33 0.03 -4.51
5.64 13.84 1.16
5.30 13.84 2.25
2.52 -13.16 0.00
2.47 -13.16 0.50
37.83 21.82 38.63
0.69 -11.97 9.09
1.14 16.58 0.00
11.64 5.60 7.93
9.88 5.60 10.06
-29.77 -3.33 -0.86
-29.77 -3.33 -0.87
0.04 11.61 7.47
3.19 -12.94 -10.89
-11.80 8.22 4.77
-12.50 8.22 2.34
40.47 22.25 -37.40
40.47 -22.54 37.81
7.53 -8.27 -8.43
-12.98 0.01 -3.41
-12.98 -0.86 -3.24
-37.83 -22.53 -38.22
-1.16 13.84 5.64
-2.23 13.84 5.30
-0.67 -8.26 12.47
-0.67 -8.26 11.43
2.57 18.23 0.00
-40.47 -43.18 0.36
0.93 -13.16 2.33
-12.98 0.04 -3.41
8.52 -8.27 -7.45
4.69 -14.22 0.69
40.47 42.82 0.99
-38.36 -0.58 -0.99
0.00 16.58 1.14
-39.68 -21.93 -37.18
0.69 -8.26 11.43
0.69 -8.26 12.47
10.52 8.22 7.17
8.92 8.22 9.09
0.69 -13.41 -4.25
2.62 -13.86 -10.89
1.88 -12.17 4.69
5.35 -11.56 -6.25
4.69 -14.22 -0.68
-15.44 -0.86 -3.07
-0.56 14.96 2.81
-1.10 14.96 2.64
-12.81 2.41 2.45
-37.91 -43.60 -0.99
2.91 19.58 -0.01
39.68 -0.58 0.99
0.69 -14.03 -1.26
5.31 14.58 5.24
10.51 -8.30 -7.01
7.11 -8.30 -10.45
8.93 -8.30 -8.92
-21.04 -0.77 -2.60
-21.04 -0.92 -2.32
6.33 -11.56 -5.27
37.83 -21.93 37.18
-19.24 2.81 0.87
-15.05 -0.86 -3.10
-21.04 2.01 2.05
-38.36 -43.17 0.37
-38.36 -38.74 7.90
-37.83 -43.18 0.36
8.83 10.47 6.03
7.49 10.47 7.62
39.68 -21.90 37.18
0.69 -14.23 0.29
0.69 -15.06 0.29
-27.23 -3.04 -0.87
3.38 16.10 3.33
4.84 -8.30 -11.66
2.45 -8.30 -12.39
2.53 -8.30 -12.38
2.78 -11.18 6.92
9.09 -11.97 -0.68
-39.68 -43.17 0.37
-0.13 -14.22 -0.10
-0.12 -14.55 -0.12
-38.36 -43.18 0.36
3.73 18.37 -0.01
5.31 11.61 5.24
0.07 -8.30 -12.64
-23.35 -0.79 -2.60
-38.33 -1.69 -4.17
-27.88 -0.86 -3.12
3.55 -13.41 -2.49
0.42 16.58 -1.04
0.00 18.23 -2.56
0.00 16.58 -1.13
29.62 0.88 -3.35
37.83 -22.53 38.22
-4.96 -8.21 11.73
-5.49 -5.59 12.97
-7.92 -5.59 11.66
-21.04 1.76 1.79
-0.13 -14.72 -0.12
7.02 12.71 4.77
5.94 12.71 6.04
0.69 -15.06 -1.08
0.00 -8.30 -12.62
-2.43 -8.30 -12.39
-2.33 -8.30 -12.42
3.51 -9.21 8.72
-23.47 -0.86 -2.60
-40.47 -21.90 38.63
-21.04 -0.86 -2.60
0.96 18.23 -2.38
1.08 19.58 -2.69
0.00 19.58 -2.90
-7.16 -8.21 10.52
-0.13 -15.05 -0.12
-40.47 -21.30 37.59
0.69 -11.56 -8.18
-4.73 -8.30 -11.72
-19.31 0.88 -2.79
-15.03 0.88 -3.09
-7.79 -9.21 -5.29
14.84 -0.87 -3.10
27.64 -0.87 -3.12
19.04 -0.87 -2.81
-5.84 -2.61 13.76
-38.33 3.16 3.23
-0.13 -14.22 -0.12
3.86 16.10 -1.55
4.75 16.10 -0.03
4.75 13.84 3.23
4.04 13.84 4.11
-15.46 -3.07 0.87
-0.68 -11.56 -8.18
-0.68 -15.06 -1.08
7.47 14.58 -0.06
-41.02 -1.45 2.47
-41.68 -0.79 1.35
-41.68 -1.56 0.00
-4.81 -8.30 -11.68
-6.99 -8.30 -10.50
-6.93 -8.30 -10.55
0.45 -13.16 2.49
-21.04 0.44 -2.60
-37.83 -21.90 38.63
-29.83 -0.86 -3.34
-29.82 -0.43 -3.42
-39.68 -17.87 -0.99
1.38 18.37 -3.45
-0.01 18.37 -3.72
12.77 -0.87 -5.79
20.72 0.88 -5.23
21.47 -0.87 -4.67
-21.65 -4.44 -0.87
-0.13 -14.22 0.69
0.68 -15.05 -0.12
-0.13 -15.05 0.69
-38.36 -21.30 37.59
1.61 16.10 -3.84
2.93 16.10 -2.98
3.33 16.10 -3.39
0.69 -14.23 -4.54
-41.02 -2.86 -0.01
-8.87 -8.30 -9.00
12.50 -2.61 -8.18
12.77 0.00 -8.38
14.16 0.00 -5.73
-6.59 -9.21 -6.69
-7.13 -8.35 -7.24
-0.67 -15.05 -0.12
0.69 -15.05 -0.12
20.72 -0.87 -5.23
9.24 -9.21 -1.75
9.99 -8.35 -1.89
-1.44 -14.03 -0.48
-37.83 -21.30 37.59
0.03 16.10 -4.15
1.55 16.10 -3.87
-0.03 16.10 -4.75
-40.47 43.11 0.17
2.34 14.96 1.61
2.01 14.96 2.05
-0.68 -14.23 -4.54
7.47 11.61 -0.06
-41.68 0.00 0.00
8.93 -8.30 8.93
13.86 -2.61 -5.61
-38.36 -42.39 -0.99
1.56 15.99 -3.89
-0.01 15.99 -4.19
12.77 -0.87 -3.24
-12.81 1.28 3.20
-1.55 16.10 -3.85
-0.02 16.10 -4.17
-40.47 42.85 0.17
0.69 -11.97 -8.93
-37.50 0.00 0.00
-37.50 -6.89 -0.04
-37.50 -3.39 -6.00
10.49 -8.30 7.04
10.44 -8.30 7.11
12.50 2.61 -8.18
13.86 2.61 -5.61
-0.43 16.58 -1.04
-12.63 -8.30 -0.08
-11.66 -8.30 -4.83
-29.77 -3.34 -0.87
10.08 -8.35 -0.94
40.47 -21.90 -38.63
0.69 -14.75 0.69
-3.39 16.10 -3.33
-2.93 16.10 -2.96
39.68 -21.93 37.18
-0.68 -11.97 -8.93
-38.38 -9.05 -0.07
-38.38 -4.46 -7.89
11.65 -8.30 4.94
-6.39 -8.35 -7.83
-40.47 22.47 38.30
-0.99 18.23 -2.33
-12.62 -8.30 0.00
2.61 18.37 -2.65
3.43 18.37 -1.44
2.96 16.10 -2.93
-12.98 -0.86 5.79
-12.98 0.88 5.79
-20.94 0.88 5.23
-38.36 38.73 -7.92
-38.36 4.90 -0.99
8.92 -8.21 9.09
9.88 -5.59 10.06
7.72 -5.59 11.79
0.69 -8.26 -12.30
0.69 -8.26 -11.27
1.04 16.58 -0.43
11.67 -8.30 4.86
11.78 5.60 -7.74
13.05 5.60 -5.29
-5.15 -9.21 -7.86
-5.57 -8.35 -8.50
-12.42 -8.30 2.33
2.93 16.10 -2.97
2.95 15.99 -2.99
-20.94 -0.86 5.23
37.83 -21.90 -38.63
0.69 -15.05 0.69
39.68 -17.87 0.99
6.96 -8.21 10.66
-0.68 -8.26 -11.27
-0.68 -8.26 -12.30
2.34 18.23 -0.99
-40.14 -9.05 -0.07
-40.14 -4.46 -7.89
12.64 -8.30 0.10
-37.83 22.47 38.30
-1.13 19.58 -2.67
-12.40 -8.30 2.43
7.81 -8.35 6.46
12.63 -8.30 0.02
-4.73 -8.35 -8.95
-0.68 -14.75 -0.68
-0.68 -14.70 -0.68
-11.72 -8.30 4.73
8.39 -8.35 5.74
-2.92 16.10 2.97
38.36 -42.39 0.99
2.68 19.58 -1.13
-41.02 -4.73 -0.02
-41.02 -2.33 -4.13
12.42 -8.30 -2.34
3.15 13.84 4.82
2.16 13.84 5.35
-0.68 -15.06 -0.68
-40.47 42.82 -0.99
-1.44 18.37 -3.42
-11.68 -8.30 4.81
8.89 -8.35 4.80
-1.61 16.10 3.84
-38.36 -42.41 -0.99
38.36 -43.17 -0.37
0.13 -14.56 0.29
0.14 -14.23 -0.68
0.14 -14.23 0.27
-0.68 -14.12 -0.68
-0.68 -14.12 -0.55
-9.00 -8.30 8.85
14.68 -2.61 -2.78
15.01 0.00 -2.86
15.29 0.00 0.13
12.59 -0.01 -3.44
9.37 -8.35 3.97
1.56 16.10 3.87
38.36 -43.05 -0.17
0.14 -15.06 0.69
0.14 -14.83 0.29
-41.02 -1.41 -2.49
1.57 14.96 2.40
1.07 14.96 2.66
-1.62 15.99 -3.86
-37.87 42.82 -0.99
-8.93 -8.30 8.91
20.83 0.72 -2.61
14.94 -2.61 0.13
4.71 -8.30 11.73
4.75 -8.21 11.81
2.33 -8.21 12.51
9.68 -8.35 2.97
-12.81 0.00 3.44
-38.36 -43.07 0.17
37.87 42.82 0.99
-0.80 16.58 -0.79
-7.03 -8.30 10.49
23.06 0.80 -2.61
14.68 2.61 -2.78
14.94 2.61 0.13
-0.01 16.10 -4.17
2.43 -8.30 12.41
3.84 16.10 1.62
-37.83 -42.41 -0.99
-12.95 -5.56 -0.87
0.14 -15.06 0.29
-41.68 -0.77 -1.36
38.36 42.85 -0.17
-1.82 18.23 -1.80
-37.83 21.24 -37.57
-4.92 -8.30 11.65
20.83 0.88 -2.61
2.33 -8.30 12.42
4.16 16.10 0.02
-37.83 -43.60 -0.99
0.14 -15.06 -0.68
-12.98 -0.86 3.24
0.01 16.10 4.17
5.26 -5.59 13.07
2.61 -5.59 13.86
-12.98 0.88 -3.23
-4.85 -8.30 11.67
13.86 5.60 -2.63
14.09 5.60 0.13
0.69 -14.50 0.69
3.85 16.10 -1.61
3.87 15.99 -1.62
38.12 -1.70 4.19
38.12 0.03 4.52
38.36 -42.41 0.99
-2.07 19.58 -2.03
-0.08 -8.30 12.65
0.00 -8.30 12.63
0.69 -14.74 0.69
-38.34 25.88 -0.99
-0.68 -15.06 0.14
-37.50 3.48 -5.94
20.72 5.02 0.88
0.69 -14.02 1.43
38.36 -43.18 -0.36
12.51 8.22 -2.38
12.73 8.22 0.11
-1.61 16.10 -3.84
41.02 1.41 -2.50
41.68 0.77 -1.36
41.68 -0.79 -1.35
-38.38 4.57 -7.81
20.72 5.02 -0.87
38.36 -43.07 -0.17
-22.11 0.07 -2.60
-22.01 0.01 -2.60
-40.43 -42.41 -0.99
20.83 -1.11 -2.64
12.59 -1.34 -3.16
41.02 -1.45 -2.47
3.00 -2.61 -14.63
3.08 0.00 -14.97
5.94 0.00 -14.06
-1.42 -14.03 -0.68
0.14 -14.23 0.29
-29.83 -0.86 3.35
1.44 18.37 3.43
-0.67 -14.22 -0.12
-40.46 -43.07 0.17
4.79 -8.30 11.70
10.50 10.47 -1.99
10.69 10.47 0.09
41.68 0.00 0.00
-2.46 -8.30 12.40
37.83 21.24 37.57
-40.14 4.57 -7.81
-40.41 -42.41 -0.99
-40.37 -42.41 -0.99
6.92 -8.30 10.58
37.50 -3.49 -5.94
37.50 -6.89 0.04
-2.55 -8.30 12.39
3.00 2.61 -14.63
5.81 2.61 -13.76
-0.27 -14.17 -0.14
2.93 16.10 2.96
-12.98 5.57 0.87
-20.94 5.02 -0.87
-40.46 43.28 -0.99
-40.47 42.84 -0.99
-1.04 16.58 -0.41
6.98 -8.30 10.53
20.83 0.00 -2.61
8.34 12.71 -1.58
8.47 12.71 0.06
38.38 -4.59 -7.80
38.38 -9.05 0.07
-41.02 2.40 -4.08
-20.94 5.02 0.87
-2.38 18.23 -0.94
12.73 -8.21 0.11
14.09 -5.59 0.13
13.80 -5.59 2.87
20.83 -0.87 -2.69
2.83 5.60 -13.79
5.48 5.60 -12.97
-38.34 -42.41 -0.99
-4.05 -12.93 -10.89
-3.96 -12.93 -10.56
6.39 -8.35 7.84
-40.45 -43.07 0.17
12.48 -8.21 2.60
29.60 -0.57 -3.41
38.12 -0.03 -4.52
5.66 13.84 -1.07
5.76 13.84 0.04
40.14 -4.59 -7.80
40.14 -9.05 0.07
-40.47 0.48 -0.30
-4.41 -13.41 -0.68
40.43 -42.41 0.99
-41.02 1.45 -2.47
-15.10 0.88 3.11
-15.35 0.88 3.09
12.59 3.44 -0.02
12.59 3.20 1.28
5.57 -8.35 8.52
-29.83 0.88 -3.33
-2.69 19.58 -1.08
29.38 -0.87 -3.33
12.77 0.48 3.33
2.56 8.22 -12.47
4.94 8.22 -11.72
-21.04 0.88 2.69
-12.46 -8.26 -0.68
20.83 2.69 0.88
20.83 2.66 1.07
20.83 2.33 0.93
-4.46 -13.86 -10.27
2.81 14.96 -0.52
2.87 14.96 0.00
41.02 -2.40 -4.08
41.02 -4.73 0.02
20.83 -0.78 2.61
20.83 -0.93 2.33
-40.47 -0.20 0.88
40.41 -42.41 0.99
40.37 -42.41 0.99
-11.42 -8.26 0.69
-41.68 0.79 -1.35
40.14 4.57 7.81
40.14 9.05 -0.08
38.12 4.19 1.69
-7.11 -8.30 10.44
-39.16 0.48 -0.30
-11.42 -8.26 -0.68
8.58 0.00 -12.64
10.88 0.00 -10.71
-4.04 -16.87 -10.53
41.02 -2.86 0.01
2.81 14.96 0.57
2.64 14.96 1.11
-12.98 0.88 3.25
-8.34 -11.56 0.69
41.02 2.40 4.08
41.02 4.73 -0.04
1.00 -12.17 -4.94
0.00 18.23 2.57
-8.34 -11.56 -0.68
-37.50 6.89 0.05
20.83 2.64 -1.11
12.59 3.16 -1.34
8.39 2.61 -12.36
10.64 2.61 -10.48
-1.13 16.58 0.00
19.10 0.88 2.80
14.81 0.88 3.10
41.68 -1.56 0.00
-4.41 -13.41 0.69
-38.38 9.05 0.08
41.02 1.45 2.47
41.02 2.86 -0.01
-4.01 -8.29 -9.83
1.50 -11.18 -7.30
0.14 -14.23 0.69
20.83 0.44 2.61
20.83 0.88 2.61
0.01 19.58 2.91
11.73 -8.21 4.96
12.97 -5.59 5.52
11.64 -5.59 7.93
7.92 5.60 -11.65
10.03 5.60 -9.88
-3.73 -10.16 -10.33
20.83 0.01 2.61
-2.34 -13.86 -10.29
10.52 -8.21 7.17
-40.14 9.05 0.08
-1.42 -14.03 0.69
41.68 0.79 1.35
41.68 1.56 -0.01
20.83 -0.03 2.61
37.50 -3.39 6.00
5.23 14.58 -5.33
20.83 2.63 0.88
7.15 8.22 -10.53
9.08 8.22 -8.93
-3.73 -12.93 -10.33
-4.21 -4.27 13.08
38.38 -4.46 7.89
21.80 0.01 2.61
-2.78 -16.87 -10.53
29.33 3.32 -0.87
-41.02 4.73 0.04
2.56 -8.21 -12.47
29.59 3.36 -0.87
0.98 -13.16 -2.32
-8.38 0.00 -12.78
29.62 -0.87 3.35
29.59 3.35 -0.85
-37.50 3.39 6.00
5.23 11.61 -5.33
20.83 2.39 -0.87
7.61 10.47 -7.50
-4.01 -13.86 -9.83
1.97 -12.17 -4.67
40.14 -4.46 7.89
29.59 3.34 -0.87
0.44 16.58 1.04
-41.02 2.86 0.01
-38.38 4.44 7.89
-0.48 -1.20 16.07
-2.21 -8.29 -10.89
4.96 -12.17 -0.93
12.59 0.02 3.44
12.59 1.35 3.16
0.99 18.23 2.35
4.94 -8.21 -11.72
12.77 0.88 5.80
12.77 -0.87 5.80
20.72 -0.87 5.24
6.04 12.71 -5.95
-3.77 -16.87 -10.25
-0.58 -1.46 15.70
2.89 -11.18 -6.87
41.02 -2.33 4.13
-29.55 3.32 0.87
-41.68 1.56 0.01
-0.06 14.58 -7.47
-40.14 4.44 7.89
20.72 0.88 5.24
14.84 -0.87 3.11
7.34 -11.18 -1.40
12.59 2.45 2.41
4.92 -8.30 -11.64
4.11 13.84 -4.03
-1.39 -3.45 15.45
41.02 -1.41 2.49
20.83 1.11 2.64
20.83 2.05 2.01
4.88 -8.30 -10.30
-0.06 11.61 -7.47
-41.02 2.33 4.13
7.02 -8.30 -10.50
-37.83 43.02 -0.10
4.39 -10.16 -10.58
2.05 14.96 -2.00
-1.90 -4.71 14.83
1.41 -13.16 -2.08
20.69 -5.01 -0.87
10.64 8.22 -6.99
11.79 8.22 -4.77
41.68 -0.77 1.36
20.83 1.79 1.76
-41.02 1.41 2.50
20.69 -5.01 0.88
0.91 -0.90 16.07
1.20 -0.48 16.07
0.09 0.00 -15.28
4.39 -12.94 -10.58
-5.32 14.58 -5.23
-2.25 -5.56 13.08
12.40 -8.30 -2.44
8.93 10.47 -5.86
9.89 10.47 -4.01
1.12 -1.10 15.70
1.46 -0.58 15.70
5.05 -12.17 0.03
38.12 3.23 3.16
-4.23 -12.17 2.78
-41.68 0.77 1.36
11.78 -5.59 -7.74
10.56 -8.30 -6.94
0.09 2.61 -14.94
4.88 -13.86 -10.30
-5.32 11.61 -5.23
9.01 -8.30 -8.87
10.64 -8.21 -6.99
12.59 -2.45 -2.41
7.09 12.71 -4.64
7.87 12.71 -3.18
2.65 -2.61 15.45
3.45 -1.40 15.45
7.46 -11.18 0.05
-6.24 -11.18 4.09
20.83 0.88 2.69
20.83 -2.05 -2.01
0.00 -1.29 16.07
-3.42 -8.29 -12.10
0.09 5.60 -14.08
4.46 -16.87 -10.54
-37.50 -3.49 5.94
0.00 -1.57 15.70
-3.41 -10.16 -11.53
12.77 0.88 3.24
0.80 16.58 -0.80
4.80 13.84 -3.15
5.33 13.84 -2.15
4.71 -1.90 14.83
-21.04 -2.61 0.87
-7.47 14.58 0.05
-38.38 -4.59 7.80
20.83 -1.79 -1.76
1.80 18.23 -1.82
12.59 -3.19 -1.29
20.83 -2.66 -1.08
0.08 8.22 -12.72
2.61 2.66 15.45
11.67 -8.30 -4.83
11.79 -8.21 -4.77
0.01 -3.73 15.45
-3.41 -12.93 -11.53
2.39 14.96 -1.56
2.66 14.96 -1.04
5.56 -2.25 13.08
-2.33 -13.16 0.93
-40.14 -4.59 7.80
38.12 -3.22 -3.16
2.04 19.58 -2.07
0.06 10.47 -10.68
3.56 3.63 14.83
11.71 -8.30 -4.75
0.02 -5.09 14.83
-3.42 -13.86 -12.10
20.83 0.01 2.87
-41.02 -2.40 4.08
12.51 -8.21 -2.38
-4.19 -12.17 -2.85
20.83 -2.33 -0.93
13.05 -5.59 -5.29
13.86 -5.59 -2.63
0.04 12.71 -8.46
4.19 4.28 13.08
0.03 -6.00 13.08
-3.41 -16.87 -11.61
-6.17 -11.18 -4.19
4.42 -13.86 -11.95
29.56 -3.35 -0.85
0.02 13.84 -5.75
38.12 4.52 -0.03
0.48 1.20 16.07
0.50 -1.16 16.07
-4.03 -8.29 -11.94
4.19 -16.87 -11.53
-12.39 -8.30 -2.46
-12.38 -8.30 -2.54
21.24 -2.38 -0.87
38.12 -4.19 -1.69
-3.84 16.10 1.62
0.00 14.96 -2.86
0.58 1.46 15.70
0.61 -1.44 15.70
-3.74 -10.16 -11.44
-3.62 3.56 14.83
12.59 -3.44 0.01
12.40 -8.30 2.49
12.39 -8.30 2.57
-1.77 -13.16 -1.80
-10.71 0.00 -10.89
-10.52 -8.30 7.00
-10.57 -8.30 6.93
20.83 -2.64 1.11
15.59 3.06 0.88
15.13 3.09 0.88
1.38 3.46 15.45
1.44 -3.43 15.45
2.16 10.47 -10.46
-3.74 -12.93 -11.44
-4.28 4.19 13.08
-3.55 -12.17 -3.60
3.82 -8.30 -12.11
4.94 -12.17 1.02
3.83 -10.16 -11.54
1.89 4.71 14.83
1.70 12.71 -8.30
-4.03 -13.86 -11.94
-5.23 -11.18 -5.31
7.30 -11.18 1.52
-1.20 0.48 16.07
3.83 -12.94 -11.54
37.50 3.39 -6.00
2.24 5.57 13.08
3.11 -16.87 -10.89
1.15 13.84 -5.63
-3.78 -16.87 -11.52
-1.46 0.58 15.70
38.38 4.44 -7.89
20.84 0.04 -2.61
20.83 -0.45 -2.61
3.82 -13.86 -12.11
29.59 3.35 0.88
12.59 -2.42 2.44
0.57 14.96 -2.80
-3.45 1.39 15.45
-1.38 -13.16 -2.08
2.32 -13.16 0.98
8.91 -8.30 8.96
8.85 -8.30 9.02
40.14 4.44 -7.89
0.00 1.29 16.07
2.78 -8.30 -10.28
20.83 -2.01 2.04
-4.46 -8.29 -11.48
-2.78 -12.17 -4.23
3.83 -16.87 -11.62
4.65 -12.17 1.98
0.00 1.57 15.70
3.28 -10.16 -10.57
-3.97 -10.16 -11.21
-4.71 1.90 14.83
41.02 2.33 -4.13
0.93 -12.17 4.98
20.83 -1.76 1.79
-4.09 -11.18 -6.23
-0.02 3.73 15.45
3.28 -12.94 -10.57
-21.04 -0.02 -2.60
-3.97 -12.93 -11.21
-5.56 2.25 13.08
-11.64 -8.30 -4.92
1.38 -11.18 7.34
38.12 -3.17 3.22
-0.93 -13.16 -2.33
0.00 -13.16 2.52
20.83 -2.62 -0.87
-20.90 -5.00 -0.87
21.89 0.07 2.61
29.62 -0.87 -3.35
FACE = 3827
0 1 2
3 4 5
6 7 8
9 10 11
12 13 14
15 16 17
18 19 20
21 22 23
24 25 26
27 28 29
30 31 32
33 34 35
36 37 38
39 40 41
42 43 44
45 46 47
48 49 50
51 52 53
54 55 56
57 58 59
60 61 62
63 64 65
66 67 68
69 70 71
72 73 74
75 76 77
78 79 80
81 0 82
3 5 83
84 85 86
87 88 89
15 17 90
12 14 91
92 93 94
21 23 95
25 96 97
29 28 98
99 31 30
33 35 100
36 38 101
102 103 104
105 106 107
42 44 108
48 50 109
110 111 52
112 54 56
57 59 113
114 115 61
116 117 118
66 68 119
120 121 71
72 74 122
123 124 125
126 78 80
81 1 0
4 127 128
84 7 85
87 89 10
13 129 14
16 130 131
92 94 19
22 132 133
29 98 134
25 24 96
135 32 136
33 100 137
37 138 139
102 104 140
141 105 107
43 142 143
49 144 145
146 147 148
56 149 112
58 150 151
152 153 154
116 155 117
67 156 157
158 159 160
73 161 162
163 124 164
165 78 166
167 81 82
168 169 170
4 128 5
84 8 7
88 171 172
173 174 175
16 131 17
176 177 178
22 133 23
134 98 179
180 181 182
183 184 185
33 137 186
37 139 38
103 187 188
189 190 191
43 143 44
49 145 50
58 151 59
147 192 193
194 195 196
153 197 198
67 157 68
158 160 199
73 162 74
200 201 202
203 124 163
80 204 205
206 167 207
208 209 210
127 211 212
213 214 215
88 172 89
174 216 217
130 218 219
177 20 220
132 221 222
134 179 223
224 225 226
227 102 228
33 186 229
230 231 232
103 188 104
233 190 189
142 234 235
176 236 237
196 238 239
150 240 241
147 193 148
153 198 154
242 243 244
176 245 246
161 247 248
158 199 249
250 251 252
253 254 255
256 124 203
257 258 259
206 81 167
127 212 128
260 261 262
171 263 172
130 219 131
177 220 178
132 222 133
223 264 265
266 267 268
269 270 228
33 271 272
273 274 275
187 276 188
277 190 278
142 235 143
236 109 279
196 239 280
150 241 151
192 281 282
197 283 284
285 286 287
245 119 288
158 289 290
161 248 162
291 125 292
293 294 295
296 254 253
297 206 207
298 299 300
211 301 302
213 215 303
304 305 306
307 308 309
218 310 311
20 19 312
221 313 314
134 223 265
226 267 266
116 63 65
315 269 228
33 272 297
316 317 318
319 320 321
322 323 124
324 190 277
234 325 326
236 279 237
196 280 194
240 327 328
197 284 198
329 285 287
245 288 246
330 331 332
247 263 248
333 334 335
336 294 293
337 254 296
144 297 272
338 339 340
211 302 212
305 341 342
307 309 343
218 311 219
20 312 220
221 314 222
226 344 267
134 265 345
346 185 103
116 65 155
33 297 207
319 321 347
200 254 337
323 140 125
348 349 350
234 326 235
109 50 351
238 352 353
240 328 241
283 62 354
355 329 287
119 68 356
357 330 332
358 359 360
361 334 362
295 294 79
363 364 365
144 206 297
338 339 340
301 366 367
305 342 306
308 368 369
310 111 311
19 94 1
313 370 371
226 225 344
372 373 374
29 134 345
375 103 102
117 155 242
33 207 167
200 337 201
320 376 377
323 125 124
378 379 350
325 129 326
109 351 279
380 381 196
327 382 383
283 354 284
265 285 384
119 356 288
332 385 357
358 360 386
387 361 333
293 295 79
388 389 390
271 144 272
340 339 338
308 369 309
146 90 391
19 1 312
313 371 314
392 224 181
393 394 395
28 396 98
397 398 399
242 400 118
33 167 82
401 402 139
320 377 321
140 104 292
403 404 405
173 108 406
50 145 407
408 380 196
327 383 328
62 61 409
63 329 264
68 157 410
332 331 159
359 411 412
388 413 389
414 292 415
416 417 250
418 419 420
145 271 229
421 422 423
90 17 424
176 178 425
426 427 428
370 429 430
431 432 433
393 395 373
29 345 434
435 397 399
242 118 117
33 0 2
436 437 438
376 439 440
140 292 125
441 442 443
108 44 444
50 407 351
196 445 446
382 447 448
62 409 354
116 63 264
68 410 356
332 159 158
359 412 360
449 363 450
256 451 452
79 417 416
453 454 455
456 457 458
459 460 461
90 424 391
462 463 464
370 430 371
465 466 431
394 467 468
28 469 396
470 435 399
33 2 471
472 473 474
475 476 477
376 440 377
104 188 415
478 441 479
108 444 406
176 237 480
196 446 408
382 448 383
61 115 409
329 286 285
176 246 481
482 483 484
411 485 486
449 364 363
451 487 488
78 417 489
490 455 491
492 493 494
495 496 497
17 131 498
499 500 501
462 464 427
429 263 430
465 431 433
394 468 395
29 434 502
397 470 399
242 155 243
33 471 503
504 505 506
507 508 509
439 510 511
104 415 292
512 513 514
515 405 516
44 143 517
237 279 518
149 56 519
447 520 521
152 154 522
523 287 286
246 288 524
525 526 527
411 486 412
528 388 390
126 529 530
531 490 491
168 532 533
495 534 496
17 498 424
499 501 535
536 537 58
176 538 539
28 540 469
541 466 465
467 542 543
544 545 103
384 329 355
33 503 546
547 504 548
507 508 509
439 511 440
188 276 415
549 550 551
552 516 553
554 555 556
237 518 480
149 519 557
447 521 448
154 198 558
117 523 286
246 524 481
525 559 526
485 560 561
449 450 562
563 529 126
564 531 491
495 460 459
131 219 565
566 567 568
500 569 570
536 58 57
538 428 571
502 572 27
573 574 541
467 543 468
575 544 103
265 355 287
33 546 576
547 505 504
509 508 507
510 577 578
322 124 452
579 294 563
580 553 581
554 556 582
279 351 583
520 584 585
117 98 155
154 558 522
288 356 586
485 561 486
587 528 390
126 530 588
589 590 591
592 533 593
495 594 460
131 565 498
595 596 567
500 570 501
537 597 150
538 571 539
540 598 599
573 541 465
542 263 543
184 575 103
265 600 355
601 33 602
603 604 605
606 607 608
510 578 511
415 276 334
251 204 252
580 581 609
555 610 611
279 583 518
520 585 521
198 284 612
118 98 117
288 586 524
560 613 614
579 80 588
390 615 616
617 533 592
618 619 591
620 621 156
622 254 623
624 625 626
569 627 628
537 150 58
428 427 629
502 27 29
630 574 573
631 632 633
634 635 636
265 264 285
601 602 637
473 638 474
623 639 640
577 641 642
322 452 451
251 643 204
609 644 645
555 611 556
351 407 646
584 647 648
198 612 558
223 118 649
356 410 650
560 614 561
563 579 588
390 616 587
651 458 652
418 618 591
156 621 653
622 654 254
655 453 455
625 656 657
569 628 570
428 629 571
631 633 7
540 28 598
658 630 573
223 116 264
575 659 660
661 473 662
601 637 663
664 665 666
577 642 578
334 276 667
79 294 80
668 669 670
610 671 672
351 646 583
584 648 585
284 354 673
116 286 63
356 650 586
613 674 372
251 563 588
675 676 677
678 651 652
679 680 590
156 653 681
622 682 654
683 564 491
625 657 626
627 129 628
427 464 684
573 685 658
632 686 687
63 329 384
688 575 660
63 286 329
601 663 689
661 638 473
641 690 691
200 692 693
166 78 126
322 451 694
695 696 697
670 609 698
610 672 611
176 480 699
647 700 701
284 673 612
146 702 703
176 481 704
613 372 614
252 251 588
364 675 365
705 706 707
490 453 655
156 681 157
201 708 709
564 683 491
656 568 710
173 711 712
427 684 629
225 713 714
632 687 633
715 63 384
716 717 718
118 117 286
601 719 720
721 604 722
641 691 642
451 488 723
165 205 78
724 476 725
726 670 698
727 728 729
671 730 731
732 733 734
647 701 648
354 409 735
702 736 737
481 524 738
674 122 393
336 252 739
364 676 675
170 169 740
741 742 743
157 681 744
201 709 745
491 746 747
656 710 657
711 535 748
176 539 749
225 750 713
686 751 752
600 63 715
753 754 545
601 720 755
661 662 756
757 693 758
690 759 760
451 723 694
126 80 205
725 761 762
726 698 763
729 421 764
671 731 672
765 733 732
700 263 701
702 737 703
481 738 704
674 393 372
413 766 389
293 336 739
679 767 768
170 769 729
157 744 770
771 772 773
491 747 564
568 567 774
711 748 712
539 571 775
776 750 266
686 752 687
285 777 778
435 779 470
179 98 118
601 755 780
721 722 781
782 693 757
690 760 691
488 783 784
78 205 785
725 762 724
786 787 788
729 764 727
730 789 790
765 791 792
113 59 793
736 794 795
524 586 796
122 74 394
616 797 587
293 529 251
743 798 799
170 800 769
157 770 410
771 801 201
802 803 804
747 746 805
568 774 710
535 501 806
539 775 749
465 433 713
751 807 808
64 355 65
152 809 810
155 287 523
601 780 811
721 781 812
813 640 254
759 263 760
488 784 723
250 643 251
814 815 816
788 763 817
818 696 695
730 790 731
819 820 821
113 793 822
736 795 737
524 796 738
122 394 393
823 616 824
165 530 529
825 826 827
828 205 204
170 829 800
410 770 830
201 745 475
802 804 831
832 589 591
833 834 835
535 806 748
571 629 836
24 392 96
751 808 752
809 837 838
98 287 155
601 811 839
661 756 840
841 813 254
842 843 844
814 816 845
783 667 846
252 294 336
817 847 848
849 818 695
789 850 851
819 821 852
59 151 853
794 854 855
586 650 856
74 162 467
823 797 616
857 165 529
825 827 858
859 417 785
170 860 829
410 830 861
862 863 864
803 865 866
419 418 591
867 443 868
501 570 869
571 836 775
24 750 392
807 870 871
809 838 810
287 98 396
601 839 872
661 840 873
495 459 534
842 844 874
762 761 875
783 846 784
876 293 79
877 817 878
879 880 695
789 851 790
59 853 793
794 855 795
586 856 796
74 467 394
881 766 882
883 884 885
886 165 857
858 827 887
888 205 828
170 889 860
410 861 650
890 772 771
803 866 804
768 680 679
867 868 834
501 869 806
629 684 891
685 573 892
807 871 808
837 893 894
223 179 118
601 872 895
812 781 896
201 337 708
843 347 897
898 845 816
667 276 846
489 417 79
899 900 901
902 903 904
695 905 340
854 906 907
176 704 908
162 248 542
823 824 909
883 885 910
886 876 911
858 887 912
859 785 913
170 298 889
914 650 861
771 606 915
865 916 917
741 805 746
405 918 516
570 628 919
629 891 836
685 892 26
870 374 920
837 894 838
649 286 116
601 895 921
873 840 922
201 923 771
843 897 844
316 845 898
322 694 924
785 417 78
899 901 925
926 902 927
695 340 928
509 508 507
854 907 855
162 542 467
929 930 931
932 530 165
881 882 933
884 934 935
697 696 936
912 887 937
888 938 205
856 914 939
940 941 942
771 915 890
865 917 866
798 741 746
943 944 945
570 919 869
176 749 946
26 750 24
870 920 871
893 947 948
244 949 950
601 921 951
506 896 781
201 952 923
347 321 953
273 954 274
694 723 955
251 529 563
900 956 957
340 905 958
959 508 509
906 111 907
248 263 542
929 931 960
932 126 530
881 933 961
884 935 885
880 849 695
912 937 962
859 913 963
856 650 914
964 965 966
967 863 862
916 968 969
799 798 746
970 971 972
944 835 973
628 129 919
749 775 974
374 373 975
26 892 750
244 950 976
893 948 894
781 977 504
601 978 939
201 979 952
347 953 897
273 761 954
694 955 924
80 126 588
900 957 901
340 958 338
138 959 139
146 703 980
152 981 982
386 360 632
176 983 984
886 489 416
823 909 985
934 986 987
988 879 695
825 858 912
888 989 938
978 856 939
339 965 964
990 967 862
916 969 917
799 746 991
972 971 992
944 973 945
993 994 995
749 974 946
392 750 224
374 975 920
947 996 997
976 950 998
601 939 914
781 504 506
321 377 999
201 1000 979
739 252 588
273 875 761
1001 1002 1003
956 1004 1005
959 138 508
703 737 1006
981 1007 1008
386 632 631
983 1009 1010
886 78 489
823 985 1011
934 987 935
695 340 1012
826 887 827
963 1013 1014
1015 978 951
1016 940 942
1017 1018 862
968 1019 1020
767 1021 991
972 992 1022
835 834 1023
993 995 1024
775 836 1025
373 395 1026
947 997 948
976 998 1027
601 914 861
1028 1029 1030
201 1031 1000
321 999 953
1032 293 739
138 316 318
492 1002 1001
956 1005 957
915 606 608
1033 1034 1035
703 1006 980
981 1008 982
983 1010 984
360 412 686
986 263 987
1032 295 293
961 933 1036
989 1037 1038
695 928 340
1039 899 1040
1041 1042 1043
1015 856 978
862 1044 509
968 1020 969
767 991 680
1022 992 1045
835 1023 973
994 1046 1047
775 1025 974
373 1026 975
996 115 997
1027 998 1048
601 830 770
1028 1030 505
377 440 1049
336 293 251
138 845 316
1050 1002 492
1004 276 1005
1051 786 1052
1053 757 758
1033 1054 1034
1007 1055 1056
1009 960 1057
360 686 632
1011 985 1058
1059 1060 1061
1032 876 295
899 1062 900
963 1014 859
168 170 1063
1015 951 921
1064 1065 1066
1019 1067 1068
862 509 1069
1022 1045 1070
453 1071 1072
834 868 1073
994 1047 995
836 891 1074
395 468 1075
152 810 1076
1027 1048 1077
601 770 744
547 1078 1028
377 1049 999
876 857 529
275 274 954
1050 652 1002
322 925 420
698 918 763
1053 230 757
387 415 361
1079 1080 1081
1007 1056 1008
1009 1057 1010
677 1036 933
1059 1061 1082
64 63 600
899 1083 1062
989 888 1037
1084 652 1050
1015 921 895
1085 1086 1087
509 1044 1088
1019 1068 1020
490 1071 453
1070 1045 1089
834 1073 1023
1046 1090 1091
836 1074 1025
395 1075 1026
810 838 1092
1077 1048 1093
601 744 681
605 1029 472
440 511 1094
876 529 293
317 138 318
1095 1043 1042
925 901 454
943 1096 1097
497 496 1098
387 414 415
106 105 1099
1055 1100 1101
960 931 1102
933 1103 675
1060 1104 1105
329 777 285
1106 1107 956
588 530 932
1108 652 1084
1015 895 463
1016 1085 940
509 1088 507
1067 1109 1110
1071 1111 1072
1070 1089 1112
516 918 553
729 769 423
1046 1091 1047
176 946 1113
468 543 1114
810 1092 1076
1077 1093 1115
601 681 653
547 1028 505
440 1094 1049
508 138 317
886 416 165
925 454 420
1116 1117 1118
1096 1119 1120
1098 692 497
1121 335 334
1099 1054 1122
1055 1101 1056
960 1102 1057
933 675 677
1060 1105 1061
64 600 715
1123 1106 956
588 932 1124
169 652 1108
463 895 872
1125 964 1126
1127 654 1128
1067 1110 1068
1071 1129 1111
1112 1089 1130
1018 816 815
943 945 1131
964 879 988
1090 1132 1133
1134 1135 1136
468 1114 1075
838 894 1137
1115 1093 1138
601 653 621
605 1030 1029
511 578 883
1139 275 954
886 857 876
901 957 455
1116 1140 1117
1096 1120 1097
1139 923 952
1141 451 256
1099 1142 106
1100 1143 1144
176 984 1145
1146 615 1147
1104 1148 1149
355 778 949
1062 956 900
1124 932 1150
1151 547 548
463 872 839
1152 1153 1154
664 654 1127
1109 1155 1156
1071 1157 1129
1112 1130 1158
1018 815 990
945 973 1159
964 988 339
1090 1133 1091
1134 1136 1160
543 263 1114
1115 1138 1161
601 621 1162
1163 977 1164
511 883 1094
1165 1166 1167
932 530 126
901 455 454
1095 1042 1041
1119 1052 1168
1139 608 923
1169 451 1141
189 1170 1171
1100 1144 1101
984 1010 1172
1146 1147 676
1104 1149 1105
243 155 523
1173 956 1107
1124 1150 1174
1175 605 472
463 839 464
1152 1154 1176
255 654 664
1109 1156 1110
273 952 979
418 1129 1157
1158 1130 1177
945 1159 1131
1116 617 592
1132 1178 1179
1160 1136 1180
7 633 1181
1161 1138 1182
601 1162 1183
1163 1164 638
578 642 884
1184 1185 1186
886 932 78
957 1005 491
1118 1117 1187
1119 1168 1120
607 606 608
1188 1189 1190
451 1191 487
1192 1170 189
1143 115 1144
984 1172 1145
287 355 949
364 449 1146
1148 1193 1194
1195 1196 1004
1174 1150 1197
464 839 811
1153 210 1095
255 254 654
1155 263 1156
273 1139 952
618 418 1157
1130 1198 1177
973 1023 1199
1116 1200 617
1132 1179 1133
1160 1180 1201
7 1181 85
1161 1182 242
601 1183 1202
1163 638 661
578 884 883
273 762 875
1032 911 876
957 491 455
1118 1187 1116
1052 786 847
771 608 606
1188 1190 1203
451 1169 1191
1204 1205 1206
152 982 1207
1010 1057 1208
389 615 390
1148 1194 1149
1209 1195 1004
1174 1197 1210
464 811 780
1153 1095 1154
1211 1167 1166
1212 1213 1214
898 1018 1017
1157 619 618
1089 1198 1130
973 1199 1159
1200 1215 617
1178 1216 1217
1201 1180 1218
192 282 193
633 687 1219
242 1182 1220
977 722 1164
601 1202 1221
642 691 934
1139 273 275
785 205 938
1005 276 491
260 1222 261
1066 1065 1223
1052 847 1168
771 923 608
1189 1224 1225
1226 783 1227
1228 1229 1230
982 1008 1231
1010 1208 1172
364 1146 676
1193 1232 1233
1234 924 955
1210 1197 1235
464 780 684
1117 1176 457
230 1236 1237
1212 1214 1238
898 1017 317
805 741 743
1089 1239 1198
1023 1073 644
1200 1240 1215
1178 1217 1179
633 1219 1181
242 1220 400
601 1241 1242
1163 661 873
642 934 884
785 938 913
898 317 316
1095 1041 1066
322 420 419
213 303 1243
763 918 817
317 1017 1244
1189 1225 1190
1245 1121 1246
1228 1230 669
982 1231 1207
1057 1102 1247
389 1147 615
1193 1233 1194
1248 924 1234
1210 1235 1249
684 780 755
1117 457 1187
230 1053 1236
1213 831 1250
1251 1252 1253
743 531 564
1070 1112 1254
1255 1256 1257
1023 644 1199
1041 1043 707
1216 1258 1259
400 1220 777
176 1260 1261
977 781 722
691 760 986
913 938 989
101 38 1262
301 367 302
1095 1066 1223
491 276 746
260 1263 1222
943 1097 1264
317 1244 508
1224 1265 1266
1267 667 1268
1229 1206 1269
1008 1056 1270
1057 1247 1208
1232 1271 1272
1273 1103 1274
1249 1235 1275
1276 924 1277
1176 1154 1278
684 755 720
1211 1166 1165
1213 1250 1214
1251 101 1252
743 564 747
1045 1239 1089
1209 956 1173
553 918 581
1041 707 706
1220 778 777
691 986 934
913 989 963
101 1262 1252
366 1279 1280
1240 1200 1187
322 419 591
1243 1281 1282
1097 1120 1283
169 1284 740
230 782 757
1224 1266 1225
1246 667 1267
1229 1269 1230
1008 1270 1231
176 1145 1285
1273 1274 797
1232 1272 1233
1286 924 1276
1249 1275 1287
684 720 891
1176 1278 457
831 804 3
1237 1236 231
1070 1254 1288
1289 1252 1236
743 747 805
1290 1066 1041
956 1209 1004
943 1131 1291
1182 778 1220
760 263 986
145 144 271
963 989 1038
38 139 1211
366 1280 367
1187 1292 1240
746 276 991
1263 1293 1294
1097 1283 1264
169 494 1284
230 232 782
1265 1295 1296
1246 334 667
1297 765 792
1206 1205 1269
1056 1101 1298
1145 1172 1299
1273 797 823
1271 910 72
1039 924 1286
1287 1275 1300
891 720 719
1154 1095 1223
1237 231 230
831 3 1250
531 1071 490
1045 1301 1239
1289 1253 1252
1290 1041 706
1302 924 1248
1182 949 778
186 145 229
874 844 1060
1279 1303 1304
963 1038 1013
38 1211 1262
1243 1282 213
1223 1065 1064
322 591 1305
1306 493 492
1120 1168 1307
232 1308 782
1265 1296 1266
1246 1121 334
1297 792 1309
669 1230 1310
1311 1312 1313
1145 1299 1285
1103 882 1274
1271 72 1272
1314 1315 1107
1287 1300 1316
891 719 689
1154 1223 1278
1186 1185 1317
804 866 4
1318 589 743
1070 1288 970
813 639 623
299 298 300
1319 924 1302
1161 242 244
487 783 488
407 186 137
874 1060 1059
1236 1252 639
1279 1304 1280
1013 1038 1037
591 590 1320
1263 260 1293
1321 1322 1323
1120 1307 1283
457 493 1306
1295 1324 1325
232 1326 1308
1309 1327 1328
1329 1245 783
669 1310 1330
1331 1332 1333
1172 1208 1334
910 885 73
1234 955 1315
1316 1300 886
891 689 1074
1278 1223 1323
1211 1165 1186
804 4 3
1045 1335 1301
813 231 639
299 1336 298
1277 924 1319
1138 949 1182
1227 783 487
407 145 186
844 897 1104
1236 639 231
1303 263 1304
1013 1037 1014
591 1320 1305
551 1337 1338
1323 1339 1321
1168 847 1340
493 457 1278
1165 1167 534
1295 1325 1296
291 387 333
1297 1309 1328
1230 1269 1341
1331 1342 1332
1172 1334 1299
910 73 72
1343 1344 1345
1316 886 1346
1074 689 663
1278 1323 493
1211 1186 1317
866 917 127
970 972 1022
841 231 813
259 258 257
1040 924 1039
1347 1348 1349
158 290 1350
1245 1246 1267
100 407 137
844 1104 1060
1252 1262 1351
1352 1353 1354
1014 1037 888
590 680 1355
1356 551 1338
1336 299 1284
1168 1340 1307
456 457 1306
1165 534 459
1324 1357 1358
76 123 291
1297 1328 1359
1230 1341 1310
1360 1361 1362
1208 1247 1363
885 935 161
1107 1364 1343
1346 886 911
1074 663 637
1284 494 1365
866 127 4
337 725 708
1335 992 971
1366 1315 1314
1292 258 1240
1367 1368 1369
96 392 97
158 1350 526
1245 667 783
646 100 35
1252 1351 639
1352 1354 1370
1014 888 859
590 1355 1320
1371 551 1356
1284 1372 1086
817 918 878
458 457 456
461 1186 1165
1324 1358 1325
76 291 333
1373 1297 1359
1269 1205 1341
1360 1374 1361
1208 1363 1334
885 161 73
1375 1376 912
1346 911 1032
1074 637 1377
1284 1365 1372
917 969 211
337 666 725
970 1022 1070
1248 1234 1315
298 1336 889
1367 1369 1348
224 750 776
1378 1379 1380
335 361 362
646 407 100
1262 1211 1317
1353 1381 319
859 888 828
680 991 1382
1383 1177 1198
1284 1086 1336
1384 877 1385
1050 492 494
461 1165 459
1357 1386 1387
1388 123 76
1389 1390 765
1330 1310 1391
1392 1393 1394
1395 1396 1397
176 1285 1398
935 987 247
912 1399 1083
1032 739 588
602 1377 637
494 493 1400
917 211 127
622 665 664
1335 1045 992
1401 1257 1402
1403 1240 258
1368 1404 1405
1406 332 1407
1378 1408 1379
1246 1409 1121
34 646 35
1262 1317 1351
1353 319 1354
859 828 417
680 1382 1355
1410 1411 1412
1323 1322 1413
1414 1415 1416
170 942 1152
476 475 477
1357 1387 1358
75 164 1388
1373 1359 1417
1330 1391 1385
1392 1394 1418
1395 1419 1396
1420 1421 1422
935 247 161
912 1106 1399
1346 1032 588
1423 33 1424
494 1400 1365
969 1020 301
639 665 622
1425 1426 261
1401 1344 1257
1403 1215 1240
1368 1405 1369
1406 1407 1427
385 332 1406
1267 1409 1246
1428 34 1429
417 828 1430
1351 1317 814
1381 83 320
1323 1413 1431
991 276 1382
1410 1198 1411
1432 1433 1434
1435 942 170
476 724 475
1386 1436 1437
75 1388 76
1389 1438 1390
1310 1341 1439
1393 1440 1394
86 1441 84
1420 1422 1442
987 263 247
1346 588 1124
1423 602 33
493 1323 1431
969 301 211
665 639 1351
1425 261 215
1364 1344 1343
1066 1290 1443
1444 918 1445
1427 1407 158
385 1406 1446
1191 1329 487
1428 646 34
417 1430 250
1351 814 665
1381 320 319
1086 1372 1087
322 1305 1447
1410 1356 1198
1448 1449 1434
1450 942 1435
438 437 436
1386 1437 1387
163 164 75
1373 1417 1451
1310 1439 1391
1452 1453 1454
1441 1455 1456
1421 1457 1458
1082 1061 359
1316 1346 1124
493 1431 1400
1423 1377 602
1020 1068 366
623 639 622
215 261 1222
1364 1315 1344
696 818 1321
943 1349 1459
84 1460 1461
1427 158 1408
1446 1408 1378
1245 1409 1462
1463 1428 1429
250 1430 643
725 666 1464
83 5 376
1125 1431 1413
1305 1320 31
1465 1412 1411
1466 349 1467
533 1140 593
1468 437 1326
1436 263 1437
203 163 75
1389 1469 1438
1341 1205 1439
1453 1470 1471
1441 1472 1455
1421 1458 1422
1082 359 358
1300 932 886
1473 1423 1424
1372 1365 1474
1020 366 301
215 1222 303
640 639 623
1321 936 696
1107 1315 1364
1349 1348 1475
84 1476 1460
1408 158 526
1477 1478 1479
1480 1481 1482
903 1463 904
725 1464 761
83 376 320
1305 31 1447
1426 1465 1411
1466 378 349
1483 1484 707
475 724 1031
1485 1486 1487
75 256 203
1451 1488 1489
943 1264 1490
1453 1471 1454
1441 1491 1472
1457 1492 1493
1061 1105 411
1316 1124 1174
1494 1473 1495
1372 1474 942
1068 1110 1279
303 1222 1263
255 664 666
1066 1443 1064
1256 1402 1257
1349 1475 1459
84 1496 1476
1408 526 559
1477 1497 1498
1480 1482 1499
903 1428 1463
5 128 439
666 665 1500
1426 1254 1501
1320 1355 32
1483 707 1043
350 349 1466
1502 1326 437
1485 1487 1503
1121 361 335
1469 1504 1505
1264 1283 1506
1470 1507 1508
1441 1509 1491
1457 1493 1458
1061 411 359
1300 1150 932
1494 1423 1473
1365 1400 1510
1068 1279 366
303 1263 1243
201 954 101
1336 860 889
1276 1277 826
1348 1369 1511
84 1512 1496
1406 1427 1408
1498 1444 1433
1499 1482 634
33 601 1513
666 1500 1464
5 439 376
1320 32 31
1426 1239 1254
515 442 441
339 988 1012
1486 1203 554
1502 1308 1326
1451 1489 1373
1121 1409 361
1470 1508 1471
635 31 99
1264 1506 1490
1441 1514 1509
1316 1174 1210
1515 1494 1495
1365 1510 1474
1110 1156 1303
1243 1263 1294
801 954 201
1336 1086 860
1286 1276 826
765 1516 1517
1348 1511 1475
84 1518 1512
332 158 1407
1477 1414 1433
1499 634 779
33 1513 1519
665 814 845
128 212 510
1355 1382 136
1228 1520 552
257 258 1292
1186 461 1521
1486 554 1487
1462 1409 1267
1469 1389 1504
1283 1307 1522
1507 1523 1524
718 135 136
1441 1525 1514
1300 1197 1150
1400 1431 965
1110 1303 1279
850 1526 1527
1243 1294 1281
773 954 801
765 1528 1516
1086 829 860
826 1039 1286
533 1529 1117
1369 1405 1530
84 1531 1518
626 249 199
1477 1433 1404
779 634 717
33 1519 1532
665 845 1500
128 510 439
1355 136 32
551 1177 1337
1533 1520 1228
1064 1443 1534
863 967 1535
1203 1190 555
76 333 361
1536 1537 1538
1283 1522 1506
1507 1524 1508
136 399 716
1210 1249 1287
1400 965 1510
1156 263 1303
693 1053 758
850 1527 851
1281 1294 1293
1062 1375 912
1309 1539 1540
1086 1085 829
1369 1530 1511
705 1043 209
84 1541 1531
1542 1543 1544
330 1545 626
1404 1433 1432
779 717 470
33 1532 1546
761 1464 36
212 302 577
1382 276 136
549 1177 551
1547 670 669
936 1321 1339
1535 1548 863
1203 555 554
1169 1329 1191
1536 1549 1550
1307 1340 1478
1523 1418 1551
136 716 718
1197 1275 1235
942 1474 1152
926 903 902
1238 1214 1353
1098 496 534
1526 1552 1553
1281 1293 1282
912 1195 1209
1309 791 1539
1322 1321 818
1445 918 1554
1483 705 1555
84 1556 1541
1557 710 120
1542 1544 1558
1433 1444 1432
1559 1560 1561
33 1562 927
761 36 954
212 577 510
322 1447 1563
514 1177 549
788 787 1330
936 1339 1564
1186 1521 1184
1190 1225 610
1169 1409 1329
1538 1549 1536
692 1098 1565
1523 1551 1524
32 183 185
1210 1287 1316
1474 1510 1153
1562 926 927
1238 1353 1352
1098 534 1167
1526 1553 1527
1282 1293 260
912 1209 1106
1410 551 1371
1322 818 849
943 1459 1566
1483 1043 705
84 1567 1556
1568 710 1557
1543 1569 1570
1404 1432 1571
1559 1561 1572
33 927 902
302 367 641
136 276 399
513 1177 514
1573 788 1330
338 958 1574
724 1000 1031
1190 610 555
693 1236 1053
256 75 1575
1576 1537 1550
716 399 398
1418 1394 1577
1197 1300 1275
723 784 1315
1474 1153 1152
930 1562 1546
1214 1250 1381
508 1244 1578
1552 263 1553
1282 260 213
1039 826 825
1337 1177 1383
1125 1413 880
1459 1475 1579
1580 209 208
84 1581 1567
1582 657 710
1543 1570 1544
1404 1571 1405
1572 1561 1583
33 902 904
302 641 577
322 1563 228
551 1410 1412
1385 877 1584
1003 1002 1585
724 762 1000
1225 1266 671
1528 1586 1576
1587 227 228
1418 1577 1551
668 1588 669
723 1315 955
1510 965 210
930 926 1562
1214 1381 1353
436 437 1468
1560 1589 1590
213 260 262
1039 825 1591
1410 1371 1356
880 1413 1322
1459 1579 1566
209 1580 1095
84 1592 1581
1557 657 1582
1569 1593 1594
1449 1448 1405
1583 1561 1212
33 904 1463
367 1280 690
399 276 187
549 1595 513
1596 878 1597
168 1555 532
762 979 1000
1225 671 610
693 1289 1236
733 1528 1576
1563 315 228
1394 1440 1577
668 644 1588
1598 596 1599
201 475 1031
1510 210 1153
784 846 1344
1532 930 1546
1184 1521 1600
1560 1590 1561
213 262 214
825 912 1376
1411 1198 1239
880 1322 849
1475 1511 1601
1580 209 1043
84 1602 1592
290 710 774
1569 1594 1570
1405 1571 1445
1583 1212 1603
33 1463 1429
367 690 641
322 228 323
549 1604 1595
1597 1478 1596
1555 1605 532
1266 1296 730
495 1167 402
733 1528 1606
660 346 103
1452 1454 1607
1547 668 670
519 56 1608
864 863 1548
1116 1187 1200
784 1344 1315
931 1532 1519
214 262 1609
1548 1535 1610
1589 582 802
1085 800 829
825 1376 1591
1501 1465 1426
1475 1601 1579
1292 1187 678
84 1603 1602
1568 121 120
1593 1611 1612
1445 1554 1613
1614 1615 1616
1603 1212 1602
33 1429 34
1280 1304 759
228 102 140
549 1465 1604
1497 1597 1498
1555 705 1605
1266 730 671
1098 495 1565
1576 1549 1135
688 103 375
1454 1471 1617
1547 670 726
519 1608 1618
1018 990 862
1085 941 940
846 276 1344
931 930 1532
214 1609 512
1548 1610 1619
1589 802 1590
1085 1016 800
1620 1621 1209
1426 1411 1239
1511 1530 348
1292 678 1622
84 1559 1603
1378 1623 1624
1593 1612 1594
1405 1448 1613
1614 1616 1625
1602 1212 1238
1626 1627 1628
1280 759 690
1112 1501 1254
228 140 323
1215 533 617
1477 1415 1414
1296 1325 789
1098 1167 495
1629 1630 1538
1631 397 399
1454 1617 1607
1632 1547 726
1618 1608 352
1244 1017 862
1126 964 966
322 924 1040
1513 931 1519
512 1633 1425
507 1088 594
582 556 803
1125 880 879
1256 937 1402
1158 1177 513
1511 348 1601
740 1284 1634
84 1635 1559
357 385 1624
1611 1636 1637
1405 1613 1530
1615 1638 1616
1602 1238 1639
1626 1628 46
1304 263 759
1383 550 1426
1477 1498 1415
652 458 456
1296 789 730
1540 1537 1539
1640 402 401
1471 1508 1641
1631 399 187
1632 668 1547
1618 352 196
862 509 1578
168 652 169
1344 276 1257
1102 601 1242
214 512 1425
1128 654 682
582 803 802
1125 879 964
1256 962 937
549 551 1412
1554 918 378
1642 1643 257
84 1644 1635
330 357 1624
1611 1637 1612
1530 1613 378
304 1645 1646
1639 1238 1647
1627 1648 1649
1370 1354 843
1337 1383 1426
1498 1433 1414
168 678 652
1325 1358 850
1650 1537 1540
402 1640 1211
1471 1641 1617
545 754 187
1651 1632 726
1419 86 85
196 352 238
862 1069 509
1652 1157 1653
1102 1513 601
556 611 865
214 1425 215
200 1565 692
549 1412 1465
1654 1176 1655
1364 1366 1343
1292 1622 1642
943 1566 1656
84 1657 1644
1658 120 71
1636 1659 1660
1613 1554 378
1645 1661 1662
1647 1238 1352
1627 1649 1628
1370 843 842
1411 1337 1426
1432 1444 1445
1403 533 1215
1325 850 789
1539 1537 1586
1640 402 1167
1508 1524 1663
545 187 103
1651 726 763
1396 85 536
519 1618 196
174 217 175
1652 1653 1664
1102 931 1513
1565 497 692
556 865 803
1196 1195 912
1595 1604 1112
1654 1152 1176
1566 1579 1665
1292 1642 257
1666 1667 1668
1636 1660 1637
1669 71 1623
1645 1662 1646
1530 1467 349
1647 1352 1592
1648 1670 1671
1175 603 605
1354 319 347
1425 1383 1338
1405 1445 1449
1290 1672 1443
1358 1387 1526
1540 1539 1586
1468 231 841
1508 1663 1641
185 184 103
786 1651 787
1396 1419 85
56 352 1608
216 1673 1674
1664 1653 1071
1675 1102 1242
1565 495 497
611 672 916
912 962 1255
1112 1158 513
1566 1665 1656
1634 1284 1676
1666 1668 1677
1678 525 1679
1659 1680 1681
1530 349 348
1661 1682 1683
1592 1352 1581
1648 1671 1649
1078 1151 1684
1354 347 843
551 1337 1633
1445 1613 1448
706 1672 1290
1358 1526 850
1517 1685 1629
1468 841 1686
1524 1551 1687
634 1688 1689
786 1632 1651
1397 1396 536
54 1690 1691
216 1674 217
1664 1071 743
1247 1675 1692
1308 693 782
611 916 865
912 1693 1196
1112 513 1595
1579 1601 1694
1223 1064 1534
1667 1558 993
1695 1678 1679
1659 1681 1660
378 404 379
1661 1683 1662
1696 190 324
1581 1352 1370
1670 1697 1698
1078 547 1151
549 551 1633
1530 378 1467
705 1484 1605
1387 1437 1552
708 725 709
1586 1685 1517
634 1689 1699
1201 1218 1700
1524 1687 1663
1573 786 788
1395 536 57
1701 1702 1703
1673 91 1704
743 1071 531
1247 1102 1675
254 640 623
672 731 968
1234 887 1302
1112 1604 1465
1579 1694 1665
1223 1534 1672
1667 993 1668
559 1695 1679
1680 1705 1706
348 350 379
1682 1707 1708
1709 1710 41
1581 1370 1567
1711 1175 472
1337 550 1383
705 707 1484
1387 1552 1526
1712 1713 436
1528 1685 1516
634 1699 635
1700 1218 1714
1551 1577 1715
1573 788 817
341 1716 1717
1395 1397 536
353 1703 1718
1673 1704 1674
1652 1664 743
1247 1692 1241
200 841 254
672 968 916
1345 887 1234
1112 1465 1501
1601 348 478
1564 1339 697
1558 1544 994
1678 559 1679
1680 1706 1681
348 379 478
1682 1708 1683
189 191 1710
1567 1370 1719
1078 1684 1720
705 1672 706
1437 263 1552
1468 1686 1712
1216 1259 1217
634 636 135
1700 1714 1721
1551 1715 1687
847 1573 848
341 1717 342
1374 1395 57
238 353 1718
368 1722 1723
91 14 1724
1157 1071 1653
1247 1241 1221
1502 693 1308
731 790 1019
887 1277 1319
1338 1337 1411
1601 478 1694
1223 1672 697
1558 994 993
482 69 71
1705 263 1706
1081 1598 1192
478 379 403
1707 1625 1725
474 1711 472
1595 1426 550
705 1574 1672
1503 1487 1589
1468 1712 436
1258 1726 1727
1536 734 733
315 1728 1481
1721 1714 1729
1577 1440 1715
847 786 1573
1716 1730 1731
1361 57 113
239 238 1718
368 1723 369
91 1724 1704
178 220 1732
1247 1221 1363
461 460 1521
731 1019 968
887 826 1277
1425 1411 1426
378 918 404
1223 697 1339
1544 1570 1046
483 482 71
1550 1537 1536
41 1079 1081
379 404 403
1707 1725 1708
472 1029 473
1595 262 1604
1306 652 456
1131 1159 1733
1503 1589 1560
709 725 745
1258 1727 1259
269 315 1481
1721 1729 1734
1452 1607 1735
1584 847 817
1716 1731 1717
1361 1374 57
381 1736 1737
1722 1738 1739
14 129 1724
178 1732 425
1363 1221 1202
790 851 1067
937 887 1401
1425 1371 1411
943 1656 1740
1223 1339 1323
1544 1046 994
121 483 71
1630 1549 1538
1741 1742 1099
1625 1616 1743
513 262 1595
1306 1002 652
1131 1733 1291
1487 554 582
1317 1184 1600
1726 263 1727
1550 1576 1328
1481 270 269
1734 1729 1744
1607 1617 1745
1584 817 877
1730 1746 1747
1362 1361 113
112 149 1737
1722 1739 1723
173 175 1748
220 312 1749
1363 1202 1183
790 1067 1019
1072 1111 420
1425 1633 1383
1656 1665 833
257 1643 258
1570 1594 1090
158 249 289
1630 1750 1549
1099 1751 1752
1625 1743 1725
44 517 444
1306 1585 1002
679 1318 743
1487 582 1589
1159 1199 1753
1536 1550 1328
1317 1600 460
1754 1755 1756
1607 1745 1735
1481 1728 1688
1734 1744 1685
1340 1584 877
1730 1747 1731
1360 113 822
54 112 1737
1738 1757 1758
175 217 1759
220 1749 1732
1363 1183 620
851 1527 1109
420 454 453
512 549 1633
1656 833 1740
1676 1284 299
1570 1090 1046
1586 1537 1576
1099 1760 1751
1616 1638 1743
143 235 1761
519 196 381
170 740 1634
743 1021 767
1159 1753 1733
1630 1536 1328
1619 1610 864
1754 1756 1762
1617 1641 1763
1481 1688 634
1685 1744 1764
1340 847 1584
1746 1765 1766
1360 1362 113
408 566 1736
1738 1758 1739
175 1759 1748
312 1 81
620 1183 1162
851 1109 1067
551 550 1337
420 453 1072
1676 299 298
1665 1694 867
1594 1612 1132
1606 1528 733
1767 1760 141
304 1646 1768
143 1761 517
519 381 557
1326 232 231
170 1634 1676
743 767 679
1199 644 668
1538 1630 1328
1317 460 864
1755 1024 1188
1617 1763 1745
544 575 688
1685 1764 1629
1385 1391 1769
1746 1766 1747
1342 1360 822
353 1701 1770
1757 1771 1772
217 1674 1773
219 311 1774
312 81 1749
620 1162 621
1527 1553 1155
1129 418 420
513 1595 550
1665 867 833
423 727 764
1594 1132 1090
733 1135 1528
1646 1662 1775
1776 1767 141
235 326 1777
1778 445 196
231 1468 1326
729 728 1450
619 1157 1652
1199 668 1753
1650 1538 1327
1317 864 1610
1755 1188 1756
1641 1663 1779
398 717 716
1629 1764 1750
1385 1769 1416
1765 1638 1766
1332 822 1780
195 1781 196
1757 1772 1758
217 1773 1759
219 1774 565
176 425 1782
597 1783 240
1527 1155 1109
420 1111 1129
1604 262 1465
1694 478 443
423 1016 727
1612 1637 1178
733 1576 1135
1646 1775 1768
1035 1034 1784
235 1777 1761
196 1781 1785
1317 1185 1184
619 1652 832
729 1435 170
581 918 609
1024 995 1189
1540 1650 1327
1317 1610 814
1764 1549 1750
1641 1779 1763
398 470 717
1452 1735 1786
1391 1439 1787
1332 1342 822
408 446 1788
1771 11 1789
1674 1704 1790
311 111 1774
425 1732 1791
597 240 150
1553 263 1155
1609 262 513
1694 443 867
728 942 1450
1612 1178 1132
1528 1135 1134
1662 1683 1792
1080 1709 1776
326 129 1777
196 1793 1778
1535 815 814
1652 743 589
170 1676 298
943 1291 1794
436 1713 437
1024 1189 1188
1540 734 1630
634 135 718
1744 1549 1764
1663 1687 1795
1391 1787 1769
1735 1745 1796
1333 1332 1780
1771 1789 1772
196 1785 1793
146 391 1797
1674 1790 1773
425 1791 1782
1783 95 327
1561 1590 1213
404 918 405
727 942 728
1637 1660 1216
1629 1750 1630
1662 1792 1775
1081 1080 1776
173 406 1798
480 518 1799
624 1800 1801
814 1610 1535
1652 589 832
1291 1733 1802
745 725 476
995 1047 1224
634 718 717
1744 1135 1549
1663 1795 1779
1439 1205 1787
1735 1796 1786
1331 1780 1803
1804 1805 1806
11 10 1807
1704 1724 1808
391 424 1809
1732 1749 1810
1783 327 240
1561 1213 1212
262 1426 1465
943 1740 944
727 1016 942
1637 1216 1178
1538 1537 1650
1683 1708 1811
1099 1122 1142
406 444 499
480 1799 699
1599 596 107
354 735 673
1812 1021 743
1291 1802 1794
745 476 475
995 1224 1189
227 754 753
1734 1685 1134
1687 1715 1813
1416 1769 1814
1745 1763 1815
1331 1333 1780
1804 1806 1816
11 1807 1789
1704 1808 1790
391 1809 1797
1732 1810 1791
95 23 382
1590 802 831
1426 262 261
1740 833 835
1012 340 339
1660 1681 1258
791 1540 1586
1171 1170 1817
1683 1811 1792
406 499 1798
518 583 1818
624 1801 1819
409 115 735
743 742 798
1733 1753 1051
608 890 915
1047 1091 1265
227 779 754
1729 1135 1744
1687 1813 1795
1416 1814 1434
1745 1815 1796
1820 1331 1803
1816 1806 1170
10 89 1821
1724 129 1808
424 498 1822
1749 81 206
95 382 327
1126 1431 1125
1590 831 1213
512 1609 513
1740 835 944
340 339 338
1660 1258 1216
1516 1685 1586
1192 189 233
1708 1725 1823
444 517 500
518 1818 1799
1801 1824 1825
152 522 1826
743 799 1812
1733 1051 1802
608 1139 890
1047 1265 1224
270 1481 1480
1734 1134 1160
1769 1787 1827
1763 1779 1828
1829 1803 307
1816 1170 1099
10 1821 1807
173 1748 42
424 1822 1809
567 596 774
1749 206 1810
23 133 447
1085 942 941
514 550 549
833 867 834
1830 339 340
1681 1706 1726
1134 1685 1528
1784 1170 1192
1708 1823 1811
444 500 499
583 646 1428
1801 1825 1819
522 558 1831
322 1040 899
1753 668 1632
772 954 773
1091 1133 1295
270 1480 1587
1729 1136 1135
1769 1827 1814
1763 1828 1815
1829 1820 1803
1099 1170 1034
89 172 1832
624 626 1545
1748 1759 43
498 565 1833
176 1782 1834
23 447 382
1085 1372 942
1254 1239 1301
965 1830 210
1681 1726 1258
1630 734 1536
892 573 1835
1492 1836 1837
1725 1743 1838
517 1761 569
820 111 821
583 1428 1818
1824 40 1839
522 1831 1826
1257 276 1004
1753 1632 1051
890 954 772
1091 1295 1265
1587 779 227
1734 1160 1201
1787 1205 1827
1779 1795 1840
1312 1829 307
1099 1034 1054
89 1832 1821
774 596 1679
1748 43 42
498 1833 1822
1782 1791 48
1085 1087 1372
1254 1301 1288
1830 965 339
1706 263 1726
1576 733 1328
892 1835 1841
1492 1837 1493
1725 1838 1823
517 569 500
146 1842 1843
176 699 1260
1824 1839 1825
151 241 1844
558 612 1845
322 899 925
609 918 698
890 1139 954
1133 1179 1324
1587 1480 779
1729 1180 1136
1434 1814 1846
1779 1840 1828
1313 307 343
1804 1816 1099
172 263 1832
624 1545 1624
1759 1773 142
565 1774 1847
1782 48 1834
965 1126 966
1288 1301 1335
764 421 423
1677 1668 1755
1441 1848 1525
1327 1538 1328
1841 1835 465
1836 1849 1850
1743 1638 1838
1761 1777 627
1842 1851 1852
699 1799 1853
40 107 1854
151 1844 853
558 1845 1831
704 738 1855
943 1794 1096
1578 509 508
1133 1324 1295
754 779 435
1201 1700 1721
1434 1846 1466
1795 1813 1856
1313 1312 307
1805 1170 1806
343 309 1857
1679 596 70
1759 142 43
565 1847 1833
965 1431 1126
1288 1335 970
1140 592 593
1677 1755 1754
1309 1540 1327
1441 1858 1848
304 1768 305
1841 465 750
1836 1850 1837
1761 627 569
1842 1852 1843
699 1853 1260
40 1854 1839
241 328 1859
612 673 1860
704 1855 908
1794 1802 1119
1179 1217 1357
1388 124 123
1180 1714 1218
1814 1827 1861
1795 1856 1840
1862 1313 343
1696 1801 1800
343 1857 1863
624 1624 1864
1773 1790 234
1774 111 1847
970 1335 971
1140 1116 592
1668 993 1024
1307 1478 1522
1650 1540 1630
1441 1311 1858
1768 1775 341
750 465 713
1849 1865 1866
1777 129 627
1851 1867 1868
1799 1818 1869
107 596 1854
241 1859 1844
612 1860 1845
738 796 1870
1794 1119 1096
1179 1357 1324
1201 1721 1734
164 124 1388
1813 1440 1856
1814 1861 1846
1311 343 1863
1801 1871 1824
309 369 1420
1624 1623 1872
146 1797 1873
173 712 1874
1605 1484 1483
1668 1024 1755
878 918 1597
791 732 734
1441 1312 1311
1768 341 305
892 1841 750
1849 1866 1850
1596 1384 1385
1851 1868 1852
1799 1869 1853
624 1819 1691
328 383 1875
673 735 1876
738 1870 1855
1802 1051 1052
1217 1259 1386
452 124 256
1180 1729 1714
1827 1205 1861
1452 1786 1877
1311 1862 343
309 1420 1857
1801 1752 1871
1797 1809 1878
1624 1872 1864
712 748 1879
1880 1801 1696
1483 532 1605
256 1575 1141
943 1490 1881
791 734 1540
1441 1829 1312
1775 1792 1716
573 465 1835
1865 1882 1883
1596 1385 1416
1867 852 1884
1818 1428 903
1819 1825 1702
328 1875 1859
673 1876 1860
796 856 1015
1802 1052 1119
1217 1386 1357
1885 291 292
1328 733 1390
1466 1846 1886
1786 1796 1887
1858 1311 1863
369 1723 1421
1797 1878 1873
1623 71 1888
712 1879 1874
1742 1801 1880
1141 1409 1169
1016 769 800
1490 1506 1889
1441 1820 1829
765 1517 733
1865 1883 1866
1775 1716 341
466 1890 1891
1867 1884 1868
1433 1414 1416
1818 903 1869
1819 1702 1691
383 448 1892
735 115 1876
737 795 1893
796 1015 1870
1051 1632 786
1259 1727 1436
362 334 333
1328 1390 1359
1466 1886 441
1786 1887 1877
1894 1863 1895
369 1421 1420
1809 1822 1896
1623 1888 1872
748 806 1897
1801 1741 1752
762 273 979
1141 1575 1409
1016 423 769
1490 1889 1881
1441 1331 1820
765 732 791
630 1890 574
1882 1898 1899
1792 1811 1730
1433 1416 1434
852 821 1900
33 1546 1562
383 1892 1875
1825 1839 1703
737 1893 1006
152 1826 809
176 908 1901
412 486 751
1259 1436 1386
361 415 334
1359 1390 1438
1846 1861 1204
1796 1815 1902
1894 1858 1863
1723 1739 1457
1809 1896 1878
71 70 1903
748 1897 1879
1801 1742 1741
815 1535 967
1329 1409 1245
422 421 423
1506 1522 1904
1441 1342 1331
658 1890 630
1882 1899 1883
1792 1730 1716
1571 1432 1434
852 1900 1884
33 229 271
1825 1703 1702
448 521 1905
1826 1831 837
795 855 1906
908 1855 426
412 751 686
1727 263 1436
1359 1438 1417
1846 1204 1886
1796 1902 1887
1907 1894 1895
1723 1457 1421
1822 1833 1908
71 1903 1888
806 869 1909
1751 1910 40
815 967 990
1591 899 1039
729 423 421
1506 1904 1889
1441 1360 1342
765 1390 1528
685 1890 658
1898 263 1899
1811 1823 1746
1613 1448 1434
821 111 1900
33 82 0
1839 1854 1718
448 1905 1892
1826 837 809
795 1906 1893
908 426 1901
486 561 807
1762 1756 1486
1417 1438 1469
1861 1205 1204
1815 1828 1911
1848 1895 1912
1739 1758 1492
70 596 1903
1822 1908 1896
806 1909 1897
946 974 1913
1752 40 1871
898 816 1018
1376 899 1591
1522 1478 1477
1441 1374 1360
1309 792 791
431 1891 1914
1895 1915 1916
1811 1746 1730
1613 1434 1466
146 1843 702
33 576 1515
1839 1718 1703
521 585 1917
1831 1845 893
855 907 1918
1855 1870 462
486 807 751
1762 1486 1485
1417 1469 1451
441 1886 1229
1815 1911 1902
1848 1907 1895
1739 1492 1457
624 1864 1890
1833 1847 1919
869 919 1920
946 1913 1113
1122 107 1142
838 1137 1092
899 1375 1083
1522 1477 1904
1441 1395 1374
433 344 714
1895 1916 1912
1823 1838 1765
1466 349 378
1843 1852 736
601 689 719
1854 596 1718
521 1917 1905
1831 893 837
855 1918 1906
1855 462 426
561 614 870
1756 1188 1203
1451 1469 1505
441 1229 1228
1828 1840 1392
1525 1848 1912
1758 1772 1836
1864 1872 1891
1833 1919 1908
869 1920 1909
974 1025 1921
1122 1599 107
894 948 1922
899 1376 1375
1597 918 1498
1441 1419 1395
713 344 1923
1915 1442 1542
1823 1765 1746
379 350 1466
1843 736 702
601 951 978
624 1691 1690
585 648 1924
1845 1860 947
907 111 1918
1870 1015 463
561 870 807
1756 1203 1486
1451 1505 1488
1886 1204 1206
1828 1392 1911
1514 1912 1666
1758 1836 1492
1864 1891 1890
1847 111 1919
919 129 1920
974 1921 1913
1122 1033 1599
894 1922 1137
1399 1123 956
943 1881 1347
1441 86 1419
1838 1638 1765
432 713 433
1915 1542 1916
379 1466 441
1852 1868 794
601 861 830
1718 596 1925
585 1924 1917
1170 278 1817
1845 947 893
146 980 1926
1870 463 462
614 372 374
400 777 118
1529 1176 1117
1488 1505 1504
1886 1206 1229
1840 1856 1393
1514 1525 1912
1772 1789 1849
1872 1888 1914
146 1873 1927
173 1874 1928
1025 1074 1377
141 40 39
948 997 1929
1083 956 1062
1881 1889 1367
1461 1930 1931
1932 1914 1933
1442 1422 1543
1934 515 441
1852 794 736
601 1221 1241
624 1690 1737
648 701 1935
1170 1805 278
1860 1876 996
980 1006 1936
176 1901 538
614 374 870
1529 1655 1176
1488 1504 1489
1840 1393 1392
1509 1514 1666
1772 1849 1836
1872 1914 1891
1873 1878 1937
1874 1879 1938
281 53 1939
1025 1377 1921
40 141 107
948 1929 1922
1255 1004 1693
1881 1367 1347
1461 1460 1930
685 25 1940
1442 1543 1542
1934 441 1228
1868 1884 854
1675 1241 1692
1925 596 595
648 1935 1924
1034 1170 1784
1860 996 947
980 1936 1926
1901 426 428
372 393 373
651 457 456
1489 1504 1389
1856 1440 1393
1491 1941 1942
1789 1807 1865
1873 1937 1927
1888 1903 1933
1670 1698 1671
1874 1938 1928
281 1939 282
176 1113 1943
1171 190 233
687 752 1944
997 115 1929
1255 1257 1004
1889 1904 1368
1531 1945 1946
25 97 1947
1422 1458 1569
580 1533 1228
1868 854 794
1242 1241 1675
624 1737 625
701 263 1935
1948 1949 1691
1876 115 996
1006 1893 1950
1901 428 538
651 1187 457
1489 1389 1373
1452 1877 1453
1491 1509 1941
1789 1865 1849
1878 1896 1951
1888 1933 1914
1697 1952 9
1879 1897 1953
53 52 1954
1113 1913 1955
1817 190 1171
687 1944 1219
152 1076 1956
1260 1853 1957
1889 1368 1367
1531 1541 1945
1422 1569 1543
97 181 1947
1884 1900 906
580 1228 669
1941 1666 1677
1737 1736 656
822 793 45
1691 1702 1701
173 1798 711
1006 1950 1936
426 462 427
678 1187 651
1373 1389 765
1877 1887 1470
1848 1894 1907
1807 1821 1882
1556 1370 842
1878 1951 1937
1903 596 1933
1697 9 1698
1879 1953 1938
53 1954 1939
1113 1955 1943
278 190 1817
752 808 21
1076 1092 1958
1260 1957 1261
1904 1477 1404
1556 1567 1719
182 181 97
1458 1493 1593
726 1547 669
1884 906 854
1941 1509 1666
822 45 1780
1737 656 625
1893 1906 1959
1691 1701 1948
1798 499 535
1373 765 1297
1877 1470 1453
1848 1858 1894
1807 1882 1865
1556 1719 1370
1896 1908 819
624 1890 1940
1952 1960 87
1897 1909 1961
52 111 1954
1913 1921 1962
1800 190 1696
752 21 1944
1076 1958 1956
1853 1869 1963
1904 1404 1368
1592 1639 1647
224 226 266
1458 1593 1569
726 669 1330
1900 111 906
1942 1941 1677
1736 566 568
793 853 1626
1798 535 711
1893 1959 1950
55 54 1691
1056 1298 1270
1887 1902 1507
479 441 443
1311 1313 1862
1541 1556 842
1821 1832 1898
1952 87 9
1896 819 1951
1933 596 344
146 148 1964
1897 1961 1953
1913 1962 1955
1080 1710 1709
808 871 22
1092 1137 1965
1853 1963 1957
1498 918 1444
1592 1602 1639
224 267 181
1493 1837 1611
848 1573 1330
304 306 1966
1491 1677 1754
1736 568 656
793 1626 45
1906 1918 1967
1691 1949 55
1101 1144 1968
1273 823 1011
1887 1507 1470
478 403 441
1945 842 874
1821 1898 1882
624 1940 25
1960 1969 88
1908 1919 820
1909 1920 1970
148 193 1971
1921 1377 1423
808 22 21
233 189 1710
1092 1965 1958
1869 903 926
943 1347 1349
1603 1572 1583
714 713 1923
1493 1611 1593
848 1330 1385
306 342 1972
1491 1942 1677
566 595 567
853 1844 1627
1906 1967 1959
1770 1701 1703
1101 1968 1298
1103 933 882
483 1973 1974
1902 1911 1523
478 479 443
1945 1541 842
1832 263 1898
344 596 267
1960 88 87
1908 820 819
1909 1970 1961
148 1971 1964
1921 1423 1962
1784 1599 1035
871 920 132
1137 1922 1975
1161 244 976
1869 926 1963
1347 1367 1348
1603 1559 1572
226 750 225
1837 1850 1636
1384 1340 877
306 1972 1966
1472 1491 1754
853 1627 1626
1918 111 1967
1976 239 1718
1144 115 1968
626 657 249
484 483 1974
1902 1523 1507
443 442 515
1946 1945 874
1863 1857 1915
624 25 1977
1969 1978 171
1919 111 820
1920 129 1970
193 282 1979
176 1943 1980
1784 1598 1599
871 132 22
1137 1975 1965
1138 950 949
176 1261 1981
897 953 1148
1657 1982 1983
266 750 226
1837 1636 1611
1384 878 1596
342 1717 1984
1455 1754 1762
1844 1859 1648
239 1976 1718
146 1926 1985
152 1207 1986
626 199 160
527 526 1350
1911 1392 1418
442 405 515
1946 874 1059
1863 1915 1895
25 1947 1987
1969 171 88
146 1927 1842
173 1928 1988
193 1979 1971
1943 1955 1989
1079 1598 1081
920 975 221
1922 1929 1990
1161 976 1027
1261 1957 1991
897 1148 1104
1657 1441 1982
1850 1866 1659
1384 877 878
342 1984 1972
1455 1472 1754
1844 1648 1627
1718 1925 280
1926 1936 1992
1207 1231 1993
331 330 626
1380 1379 69
1911 1418 1523
443 515 1934
1946 1059 1531
1857 1420 1442
25 1987 1977
1978 263 171
1927 1937 1851
1928 1938 1994
282 1939 1995
1943 1989 1980
1079 1710 1598
920 221 132
1922 1990 1975
1138 998 950
1261 1991 1981
953 999 1193
1657 84 1441
1850 1659 1636
1478 1384 1596
1717 1731 1996
1456 1455 1762
1859 1875 1670
1718 280 239
1926 1992 1985
1207 1993 1986
1285 1299 1997
159 331 626
1695 1408 559
443 1934 868
1531 1059 1518
1857 1442 1915
1947 181 1998
1803 47 308
1927 1851 1842
1928 1994 1988
282 1995 1979
1955 1962 1999
41 1710 1079
975 1026 313
1929 115 1990
1027 1077 1115
1957 1963 929
953 1193 1148
84 6 8
1866 1883 1680
1478 1340 1384
1717 1996 1984
1441 1485 1982
1859 1670 1648
280 1925 194
1936 1950 2000
1231 1270 2001
1285 1997 1398
626 160 159
2002 1106 1209
1447 31 635
868 1934 552
1518 1059 1082
1937 1951 1867
1947 1998 1987
1803 308 307
1938 1953 2003
1939 1954 2004
1955 1999 1989
1033 1035 1599
975 313 221
152 1956 981
998 1093 1048
1957 929 1991
999 1049 1232
84 2005 6
1866 1680 1659
1479 1478 1597
1731 1747 1614
1441 1762 1485
1875 1892 1697
557 381 1737
1936 2000 1992
1231 2001 1993
1299 1334 2006
1582 710 1568
1621 2002 1209
1447 1699 1689
1934 516 552
1518 1082 1512
1937 1867 1851
181 267 2007
47 46 368
1938 2003 1994
1939 2004 1995
1962 1423 1494
277 278 1805
1026 1075 370
1956 1958 1007
1027 1115 1161
1963 926 930
999 1232 1193
84 1461 2005
1883 1899 1705
1731 1614 1996
1479 1597 1497
1441 1456 1762
1875 1697 1670
1690 54 1737
1950 1959 51
1270 1298 60
1299 2006 1997
249 657 1557
1402 937 1401
1728 315 1447
868 552 1520
1512 1082 1496
1951 819 852
181 2007 1998
47 368 308
1953 1961 12
1954 111 2004
1962 1494 1999
324 277 1805
1026 370 313
1446 1406 1408
1956 1007 981
998 1138 1093
1963 930 929
1049 1094 1271
1430 204 643
1883 1705 1680
1477 1479 1497
1747 1766 1615
1983 1982 1485
1892 1905 1952
1950 51 2000
1788 566 408
1270 60 2001
1334 1363 620
1350 290 774
1366 1314 1621
1688 1728 1447
868 1520 1073
1496 1082 358
1951 852 1867
267 596 2007
46 1628 1722
1953 12 2003
146 1964 15
176 1980 2008
1805 1696 324
1075 1114 429
1379 1408 1695
1958 1965 1055
265 287 396
176 1981 983
1049 1271 1232
828 204 1430
1715 1440 1813
1899 263 1705
1747 1615 1614
1657 1485 1503
1892 1952 1697
1959 1967 110
195 194 1925
1298 1968 114
64 778 355
1334 620 2006
774 1679 527
1343 1366 1621
1447 1689 1688
1533 1073 1520
1496 358 1476
46 1722 368
624 1977 190
1964 1971 16
1961 1970 13
1980 1989 18
1871 1741 1099
1075 429 370
541 1890 466
1958 1055 1007
265 396 345
1981 1991 1009
1094 883 910
532 1483 1555
1912 1916 1667
1766 1638 1615
1657 1983 1485
1905 1917 1960
1959 110 51
1785 195 1925
1298 114 60
64 715 778
176 1398 2009
774 527 1350
1105 1149 485
912 1255 1693
30 32 183
1533 553 580
1476 358 1460
1977 1987 191
1628 1649 1738
1961 13 12
1964 16 15
1980 18 2008
1114 263 429
1099 105 141
345 396 469
574 1890 541
1965 1975 1100
1981 1009 983
1094 910 1271
533 1117 1140
1912 1667 1666
304 1966 1645
1644 1657 1503
1905 1960 1952
1967 111 110
1793 1785 1925
133 222 520
1968 115 114
155 65 355
1398 1997 66
710 1568 120
1105 485 411
1302 887 1319
93 1515 576
1533 1520 553
1460 358 386
1977 191 190
1628 1738 1722
1970 129 13
1971 1979 130
1989 1999 92
1099 141 1760
85 1181 537
1965 1100 1055
345 469 434
1940 1890 685
1991 929 960
1916 1542 1558
1966 1972 1661
1644 1503 1560
1917 1924 1969
133 520 447
146 1985 147
1793 1925 595
523 155 355
152 1986 153
1398 66 2009
527 1679 525
1149 1194 560
1345 1234 1248
93 1494 1515
644 1533 580
1460 386 1930
1987 1998 1710
1649 1671 1757
173 1988 174
1971 130 16
1989 92 18
1696 1805 1804
85 537 536
1975 1990 1143
434 469 540
2010 431 1914
1991 960 1009
1916 1558 1667
1966 1661 1645
1644 1560 1635
1791 1810 49
1917 1969 1960
446 445 595
222 314 584
1985 1992 192
1986 1993 197
523 244 243
1997 2006 67
1149 560 485
1446 1378 1624
1401 887 1345
546 93 576
644 1073 1533
1930 386 1931
1987 1710 191
1649 1757 1738
1988 1994 216
1979 1995 218
1999 1494 93
1696 1804 1880
1181 1219 597
1975 1143 1100
434 540 502
1923 344 433
1480 1499 779
1972 1984 1682
1635 1560 1559
1791 49 48
1924 1935 1978
446 595 566
222 584 520
1985 192 147
1986 197 153
523 949 244
1997 67 66
1545 330 1624
1194 1233 613
1575 75 77
94 546 503
645 644 580
1931 386 631
1998 2007 1598
1671 1698 1771
1988 216 174
1979 218 130
1999 93 92
1804 1099 1742
1181 597 537
1990 115 1143
502 540 599
713 1933 344
1481 634 1482
1464 1500 37
1972 1682 1661
1773 234 142
1810 206 144
1924 1978 1969
1701 352 1948
314 371 647
1992 2000 281
1993 2001 283
287 949 523
2006 620 156
1974 1658 71
1194 613 560
1575 77 2011
94 93 546
645 580 609
1931 631 1461
1998 1598 1710
1671 1771 1757
1994 2003 1673
1995 2004 310
176 2008 177
1804 1742 1880
1219 1944 1783
432 1933 713
502 599 572
1447 635 1699
1464 37 36
1984 1996 1707
1790 1808 325
1810 144 49
1935 263 1978
353 352 1701
314 647 584
1992 281 192
1993 283 197
63 777 329
2006 156 67
484 71 1669
1233 1272 674
2011 77 76
563 294 252
471 94 503
1588 644 609
1461 631 2005
2007 596 1598
1698 9 11
1994 1673 216
1995 310 218
2008 18 20
2012 1776 141
1219 1783 597
432 1932 1933
572 599 598
315 1563 1447
1500 845 138
1760 41 40
1984 1707 1682
1790 325 234
176 1834 236
1780 45 47
352 1949 1948
371 430 700
2000 51 53
2001 60 62
116 777 63
176 2009 245
2013 1678 1679
1233 674 613
2011 76 1409
563 204 579
1 471 2
1250 3 83
2005 631 7
624 190 1800
1698 11 1771
2003 12 91
2004 111 310
2008 20 177
1944 21 95
225 714 344
572 598 27
99 32 185
1500 138 37
1996 1614 1625
1910 1760 40
1808 129 325
1834 48 109
1780 47 1803
352 55 1949
371 700 647
2000 53 281
2001 62 283
649 777 116
2009 66 119
2013 1679 70
1272 72 122
1409 76 361
252 204 563
1 94 471
1250 83 1381
2005 7 6
9 87 10
2003 91 1673
146 15 90
18 92 19
1944 95 1783
26 25 685
27 598 28
183 32 99
954 36 101
1996 1625 1707
1871 40 1824
173 42 108
45 1626 46
1834 109 236
51 110 52
352 56 55
430 263 700
60 114 61
118 777 649
2009 119 245
69 1379 70
1272 122 674
1575 2011 1409
80 294 579
